2023-02-20 10:10,21250.000000,21225.000000,21250.000000,21235.000000,23.000000,2439150.000000,0.120000,-0.070000,-15.000000,2439150.000000
2023-02-20 10:15,21260.000000,21245.000000,21245.000000,21260.000000,16.000000,1696800.000000,0.070000,0.120000,25.000000,1696800.000000
2023-02-20 10:35,21280.000000,21255.000000,21265.000000,21265.000000,50.000000,5302500.000000,0.120000,0.020000,5.000000,5302500.000000
2023-02-20 10:40,21285.000000,21260.000000,21265.000000,21260.000000,26.000000,2757300.000000,0.120000,-0.020000,-5.000000,2757300.000000
2023-02-20 10:45,21275.000000,21255.000000,21270.000000,21255.000000,26.000000,2801525.000000,0.090000,-0.020000,-5.000000,2801525.000000
2023-02-20 10:50,21260.000000,21240.000000,21255.000000,21245.000000,46.000000,4879450.000000,0.090000,-0.050000,-10.000000,4879450.000000
2023-02-20 10:55,21265.000000,21235.000000,21245.000000,21265.000000,12.000000,1272900.000000,0.140000,0.090000,20.000000,1272900.000000
2023-02-20 11:00,21265.000000,21255.000000,21255.000000,21255.000000,8.000000,848600.000000,0.050000,-0.050000,-10.000000,848600.000000
2023-02-20 11:05,21260.000000,21250.000000,21250.000000,21255.000000,15.000000,1591125.000000,0.050000,0.000000,0.000000,1591125.000000
2023-02-20 11:10,21255.000000,21250.000000,21255.000000,21250.000000,3.000000,318225.000000,0.020000,-0.020000,-5.000000,318225.000000
2023-02-20 11:15,21245.000000,21240.000000,21240.000000,21245.000000,10.000000,1060750.000000,0.020000,-0.020000,-5.000000,1060750.000000
2023-02-20 11:20,21285.000000,21260.000000,21260.000000,21280.000000,56.000000,5940200.000000,0.120000,0.160000,35.000000,5940200.000000
2023-02-20 11:25,21320.000000,21270.000000,21290.000000,21315.000000,106.000000,11294575.000000,0.230000,0.160000,35.000000,11294575.000000
2023-02-20 11:30,21325.000000,21300.000000,21315.000000,21305.000000,142.000000,15120375.000000,0.120000,-0.050000,-10.000000,15120375.000000
2023-02-20 13:35,21355.000000,21310.000000,21310.000000,21340.000000,225.000000,23997725.000000,0.210000,0.160000,35.000000,23997725.000000
2023-02-20 13:40,21365.000000,21330.000000,21340.000000,21355.000000,201.000000,21470825.000000,0.160000,0.070000,15.000000,21470825.000000
2023-02-20 13:45,21355.000000,21340.000000,21350.000000,21350.000000,72.000000,7714825.000000,0.070000,-0.020000,-5.000000,7714825.000000
2023-02-20 13:50,21365.000000,21335.000000,21345.000000,21350.000000,85.000000,9031250.000000,0.140000,0.000000,0.000000,9031250.000000
2023-02-20 13:55,21360.000000,21340.000000,21350.000000,21350.000000,25.000000,2656250.000000,0.090000,0.000000,0.000000,2656250.000000
2023-02-20 14:00,21350.000000,21335.000000,21350.000000,21340.000000,58.000000,6233325.000000,0.070000,-0.050000,-10.000000,6233325.000000
2023-02-20 14:05,21360.000000,21340.000000,21345.000000,21355.000000,111.000000,11796525.000000,0.090000,0.070000,15.000000,11796525.000000
2023-02-20 14:10,21360.000000,21345.000000,21360.000000,21360.000000,51.000000,5494900.000000,0.070000,0.020000,5.000000,5494900.000000
2023-02-20 14:15,21360.000000,21345.000000,21345.000000,21355.000000,55.000000,5846500.000000,0.070000,-0.020000,-5.000000,5846500.000000
2023-02-20 14:20,21370.000000,21350.000000,21355.000000,21350.000000,90.000000,9645500.000000,0.090000,-0.020000,-5.000000,9645500.000000
2023-02-20 14:25,21360.000000,21330.000000,21360.000000,21340.000000,77.000000,8187025.000000,0.140000,-0.050000,-10.000000,8187025.000000
2023-02-20 14:30,21345.000000,21325.000000,21345.000000,21335.000000,30.000000,3189750.000000,0.090000,-0.020000,-5.000000,3189750.000000
2023-02-20 14:35,21355.000000,21340.000000,21345.000000,21350.000000,45.000000,4784625.000000,0.070000,0.070000,15.000000,4784625.000000
2023-02-20 14:40,21370.000000,21345.000000,21355.000000,21360.000000,92.000000,9866500.000000,0.120000,0.050000,10.000000,9866500.000000
2023-02-20 14:45,21355.000000,21340.000000,21350.000000,21355.000000,56.000000,5955600.000000,0.070000,-0.020000,-5.000000,5955600.000000
2023-02-20 14:50,21360.000000,21340.000000,21345.000000,21360.000000,83.000000,8915125.000000,0.090000,0.020000,5.000000,8915125.000000
2023-02-20 14:55,21355.000000,21345.000000,21350.000000,21355.000000,19.000000,2021125.000000,0.050000,-0.020000,-5.000000,2021125.000000
2023-02-20 15:00,21380.000000,21350.000000,21360.000000,21360.000000,162.000000,17232750.000000,0.140000,0.020000,5.000000,17232750.000000
2023-02-20 21:05,21440.000000,21355.000000,21355.000000,21440.000000,358.000000,38314950.000000,0.400000,0.370000,80.000000,38314950.000000
2023-02-20 21:10,21480.000000,21435.000000,21450.000000,21460.000000,363.000000,38940200.000000,0.210000,0.090000,20.000000,38940200.000000
2023-02-20 21:15,21470.000000,21435.000000,21460.000000,21460.000000,139.000000,14915350.000000,0.160000,0.000000,0.000000,14915350.000000
2023-02-20 21:20,21480.000000,21440.000000,21460.000000,21465.000000,88.000000,9431400.000000,0.190000,0.020000,5.000000,9431400.000000
2023-02-20 21:25,21475.000000,21450.000000,21465.000000,21470.000000,58.000000,6216150.000000,0.120000,0.020000,5.000000,6216150.000000
2023-02-20 21:30,21485.000000,21455.000000,21470.000000,21465.000000,49.000000,5277950.000000,0.140000,-0.020000,-5.000000,5277950.000000
2023-02-20 21:35,21475.000000,21455.000000,21470.000000,21455.000000,27.000000,2894400.000000,0.090000,-0.050000,-10.000000,2894400.000000
2023-02-20 21:40,21465.000000,21450.000000,21465.000000,21450.000000,16.000000,1715200.000000,0.070000,-0.020000,-5.000000,1715200.000000
2023-02-20 21:45,21455.000000,21440.000000,21455.000000,21450.000000,24.000000,2572800.000000,0.070000,0.000000,0.000000,2572800.000000
2023-02-20 21:50,21470.000000,21450.000000,21450.000000,21465.000000,18.000000,1929600.000000,0.090000,0.070000,15.000000,1929600.000000
2023-02-20 21:55,21455.000000,21440.000000,21450.000000,21455.000000,26.000000,2787200.000000,0.070000,-0.050000,-10.000000,2787200.000000
2023-02-20 22:00,21455.000000,21435.000000,21445.000000,21450.000000,18.000000,1929600.000000,0.090000,-0.020000,-5.000000,1929600.000000
2023-02-20 22:05,21465.000000,21440.000000,21450.000000,21440.000000,30.000000,3216000.000000,0.120000,-0.050000,-10.000000,3216000.000000
2023-02-20 22:10,21455.000000,21430.000000,21450.000000,21450.000000,50.000000,5360000.000000,0.120000,0.050000,10.000000,5360000.000000
2023-02-20 22:15,21470.000000,21450.000000,21450.000000,21455.000000,22.000000,2358400.000000,0.090000,0.020000,5.000000,2358400.000000
2023-02-20 22:20,21470.000000,21455.000000,21455.000000,21460.000000,32.000000,3430400.000000,0.070000,0.020000,5.000000,3430400.000000
2023-02-20 22:25,21475.000000,21465.000000,21470.000000,21465.000000,12.000000,1286400.000000,0.050000,0.020000,5.000000,1286400.000000
2023-02-20 22:30,21470.000000,21460.000000,21465.000000,21470.000000,17.000000,1822400.000000,0.050000,0.020000,5.000000,1822400.000000
2023-02-20 22:35,21475.000000,21460.000000,21470.000000,21465.000000,11.000000,1179200.000000,0.070000,-0.020000,-5.000000,1179200.000000
2023-02-20 22:40,21485.000000,21465.000000,21470.000000,21485.000000,37.000000,4001275.000000,0.090000,0.090000,20.000000,4001275.000000
2023-02-20 22:45,21490.000000,21475.000000,21490.000000,21475.000000,37.000000,3967325.000000,0.070000,-0.050000,-10.000000,3967325.000000
2023-02-20 22:50,21475.000000,21460.000000,21475.000000,21470.000000,18.000000,1930050.000000,0.070000,-0.020000,-5.000000,1930050.000000
2023-02-20 22:55,21465.000000,21455.000000,21460.000000,21465.000000,13.000000,1393925.000000,0.050000,-0.020000,-5.000000,1393925.000000
2023-02-20 23:00,21475.000000,21450.000000,21460.000000,21475.000000,68.000000,7291300.000000,0.120000,0.050000,10.000000,7291300.000000
2023-02-21 09:05,21540.000000,21475.000000,21485.000000,21540.000000,129.000000,13873525.000000,0.300000,0.300000,65.000000,13873525.000000
2023-02-21 09:10,21545.000000,21490.000000,21545.000000,21515.000000,88.000000,9481700.000000,0.260000,-0.120000,-25.000000,9481700.000000
2023-02-21 09:15,21520.000000,21500.000000,21515.000000,21510.000000,27.000000,2896425.000000,0.090000,-0.020000,-5.000000,2896425.000000
2023-02-21 09:20,21525.000000,21500.000000,21500.000000,21520.000000,22.000000,2360050.000000,0.120000,0.050000,10.000000,2360050.000000
2023-02-21 09:25,21520.000000,21500.000000,21505.000000,21500.000000,29.000000,3110975.000000,0.090000,-0.090000,-20.000000,3110975.000000
2023-02-21 09:30,21500.000000,21465.000000,21495.000000,21465.000000,37.000000,3969175.000000,0.160000,-0.160000,-35.000000,3969175.000000
2023-02-21 09:35,21485.000000,21470.000000,21470.000000,21475.000000,20.000000,2145500.000000,0.070000,0.050000,10.000000,2145500.000000
2023-02-21 09:40,21485.000000,21460.000000,21475.000000,21485.000000,27.000000,2896425.000000,0.120000,0.050000,10.000000,2896425.000000
2023-02-21 09:45,21480.000000,21440.000000,21480.000000,21470.000000,50.000000,5363750.000000,0.190000,-0.070000,-15.000000,5363750.000000
2023-02-21 09:50,21475.000000,21450.000000,21470.000000,21450.000000,20.000000,2145500.000000,0.120000,-0.090000,-20.000000,2145500.000000
2023-02-21 09:55,21460.000000,21435.000000,21450.000000,21460.000000,43.000000,4612825.000000,0.120000,0.050000,10.000000,4612825.000000
2023-02-21 10:00,21460.000000,21440.000000,21445.000000,21460.000000,20.000000,2145500.000000,0.090000,0.000000,0.000000,2145500.000000
2023-02-21 10:05,21465.000000,21430.000000,21465.000000,21430.000000,73.000000,7831075.000000,0.160000,-0.140000,-30.000000,7831075.000000
2023-02-21 10:10,21470.000000,21435.000000,21435.000000,21465.000000,31.000000,3325525.000000,0.160000,0.160000,35.000000,3325525.000000
2023-02-21 10:15,21485.000000,21460.000000,21460.000000,21475.000000,23.000000,2467325.000000,0.120000,0.050000,10.000000,2467325.000000
2023-02-21 10:35,21505.000000,21480.000000,21485.000000,21485.000000,40.000000,4291000.000000,0.120000,0.050000,10.000000,4291000.000000
2023-02-21 10:40,21500.000000,21485.000000,21495.000000,21485.000000,15.000000,1664750.000000,0.070000,0.000000,0.000000,1664750.000000
2023-02-21 10:45,21500.000000,21480.000000,21490.000000,21485.000000,16.000000,1716800.000000,0.090000,0.000000,0.000000,1716800.000000
2023-02-21 10:50,21495.000000,21480.000000,21490.000000,21495.000000,10.000000,1073000.000000,0.070000,0.050000,10.000000,1073000.000000
2023-02-21 10:55,21510.000000,21490.000000,21495.000000,21490.000000,19.000000,2038700.000000,0.090000,-0.020000,-5.000000,2038700.000000
2023-02-21 11:00,21490.000000,21475.000000,21480.000000,21475.000000,17.000000,1824100.000000,0.070000,-0.070000,-15.000000,1824100.000000
2023-02-21 11:05,21500.000000,21480.000000,21480.000000,21485.000000,19.000000,2038700.000000,0.090000,0.050000,10.000000,2038700.000000
2023-02-21 11:10,21505.000000,21475.000000,21485.000000,21480.000000,25.000000,2682500.000000,0.140000,-0.020000,-5.000000,2682500.000000
2023-02-21 11:15,21480.000000,21460.000000,21480.000000,21475.000000,20.000000,2146000.000000,0.090000,-0.020000,-5.000000,2146000.000000
2023-02-21 11:20,21480.000000,21475.000000,21480.000000,21475.000000,5.000000,536500.000000,0.020000,0.000000,0.000000,536500.000000
2023-02-21 11:25,21475.000000,21465.000000,21475.000000,21465.000000,8.000000,858400.000000,0.050000,-0.050000,-10.000000,858400.000000
2023-02-21 11:30,21495.000000,21470.000000,21475.000000,21485.000000,28.000000,3004400.000000,0.120000,0.090000,20.000000,3004400.000000
2023-02-21 13:35,21525.000000,21485.000000,21495.000000,21525.000000,201.000000,21632125.000000,0.190000,0.190000,40.000000,21632125.000000
2023-02-21 13:40,21565.000000,21530.000000,21530.000000,21545.000000,74.000000,7942050.000000,0.160000,0.090000,20.000000,7942050.000000
2023-02-21 13:45,21570.000000,21540.000000,21540.000000,21555.000000,50.000000,5366250.000000,0.140000,0.050000,10.000000,5366250.000000
2023-02-21 13:50,21570.000000,21540.000000,21565.000000,21550.000000,60.000000,6508925.000000,0.140000,-0.020000,-5.000000,6508925.000000
2023-02-21 13:55,21550.000000,21535.000000,21545.000000,21550.000000,21.000000,2254350.000000,0.070000,0.000000,0.000000,2254350.000000
2023-02-21 14:00,21555.000000,21530.000000,21545.000000,21535.000000,25.000000,2683750.000000,0.120000,-0.070000,-15.000000,2683750.000000
2023-02-21 14:05,21550.000000,21520.000000,21535.000000,21520.000000,75.000000,8051250.000000,0.140000,-0.070000,-15.000000,8051250.000000
2023-02-21 14:10,21530.000000,21510.000000,21515.000000,21520.000000,22.000000,2361700.000000,0.090000,0.000000,0.000000,2361700.000000
2023-02-21 14:15,21535.000000,21520.000000,21520.000000,21530.000000,22.000000,2435250.000000,0.070000,0.050000,10.000000,2435250.000000
2023-02-21 14:20,21540.000000,21530.000000,21535.000000,21540.000000,26.000000,2791750.000000,0.050000,0.050000,10.000000,2791750.000000
2023-02-21 14:25,21540.000000,21530.000000,21540.000000,21530.000000,23.000000,2469625.000000,0.050000,-0.050000,-10.000000,2469625.000000
2023-02-21 14:30,21550.000000,21530.000000,21530.000000,21540.000000,18.000000,1932750.000000,0.090000,0.050000,10.000000,1932750.000000
2023-02-21 14:35,21545.000000,21535.000000,21540.000000,21535.000000,17.000000,1825375.000000,0.050000,-0.020000,-5.000000,1825375.000000
2023-02-21 14:40,21545.000000,21535.000000,21535.000000,21535.000000,11.000000,1181125.000000,0.050000,0.000000,0.000000,1181125.000000
2023-02-21 14:45,21570.000000,21535.000000,21545.000000,21555.000000,77.000000,8267875.000000,0.160000,0.090000,20.000000,8267875.000000
2023-02-21 14:50,21585.000000,21555.000000,21570.000000,21575.000000,73.000000,7918050.000000,0.140000,0.090000,20.000000,7918050.000000
2023-02-21 14:55,21615.000000,21570.000000,21570.000000,21610.000000,140.000000,15119175.000000,0.210000,0.160000,35.000000,15119175.000000
2023-02-21 15:00,21625.000000,21595.000000,21610.000000,21625.000000,150.000000,16200675.000000,0.140000,0.070000,15.000000,16200675.000000
2023-02-21 21:05,21690.000000,21485.000000,21690.000000,21530.000000,383.000000,41316125.000000,0.950000,-0.440000,-95.000000,41316125.000000
2023-02-21 21:10,21585.000000,21525.000000,21525.000000,21565.000000,77.000000,8306375.000000,0.280000,0.160000,35.000000,8306375.000000
2023-02-21 21:15,21615.000000,21575.000000,21575.000000,21610.000000,37.000000,3991375.000000,0.190000,0.210000,45.000000,3991375.000000
2023-02-21 21:20,21610.000000,21575.000000,21600.000000,21590.000000,36.000000,3883500.000000,0.160000,-0.090000,-20.000000,3883500.000000
2023-02-21 21:25,21580.000000,21560.000000,21580.000000,21560.000000,29.000000,3128375.000000,0.090000,-0.140000,-30.000000,3128375.000000
2023-02-21 21:30,21565.000000,21550.000000,21555.000000,21565.000000,33.000000,3559875.000000,0.070000,0.020000,5.000000,3559875.000000
2023-02-21 21:35,21580.000000,21525.000000,21565.000000,21540.000000,58.000000,6240425.000000,0.260000,-0.120000,-25.000000,6240425.000000
2023-02-21 21:40,21555.000000,21535.000000,21535.000000,21550.000000,14.000000,1509900.000000,0.090000,0.050000,10.000000,1509900.000000
2023-02-21 21:45,21555.000000,21530.000000,21545.000000,21530.000000,29.000000,3127650.000000,0.120000,-0.090000,-20.000000,3127650.000000
2023-02-21 21:50,21535.000000,21520.000000,21535.000000,21520.000000,22.000000,2372700.000000,0.070000,-0.050000,-10.000000,2372700.000000
2023-02-21 21:55,21550.000000,21525.000000,21525.000000,21545.000000,11.000000,1186350.000000,0.120000,0.120000,25.000000,1186350.000000
2023-02-21 22:00,21555.000000,21540.000000,21545.000000,21550.000000,12.000000,1294200.000000,0.070000,0.020000,5.000000,1294200.000000
2023-02-21 22:05,21560.000000,21545.000000,21550.000000,21560.000000,17.000000,1833450.000000,0.070000,0.050000,10.000000,1833450.000000
2023-02-21 22:10,21580.000000,21560.000000,21570.000000,21560.000000,38.000000,4098300.000000,0.090000,0.000000,0.000000,4098300.000000
2023-02-21 22:15,21565.000000,21555.000000,21565.000000,21565.000000,14.000000,1509900.000000,0.050000,0.020000,5.000000,1509900.000000
2023-02-21 22:20,21580.000000,21560.000000,21565.000000,21570.000000,46.000000,4961100.000000,0.090000,0.020000,5.000000,4961100.000000
2023-02-21 22:25,21590.000000,21560.000000,21565.000000,21575.000000,32.000000,3451200.000000,0.140000,0.020000,5.000000,3451200.000000
2023-02-21 22:30,21620.000000,21580.000000,21580.000000,21605.000000,72.000000,7765200.000000,0.190000,0.140000,30.000000,7765200.000000
2023-02-21 22:35,21645.000000,21610.000000,21610.000000,21645.000000,95.000000,10272125.000000,0.160000,0.190000,40.000000,10272125.000000