2022-07-22,7085.200000,6857.000000,7050.000000,6956.600000,22153.000000,30919133200.000000,0.000000,0.000000,0.000000,30919133200.000000
2022-07-25,7015.800000,6850.000000,6974.200000,6878.600000,22883.000000,31699704760.000000,2.390000,-0.800000,-55.600000,31699704760.000000
2022-07-26,6994.000000,6844.800000,6898.000000,6991.000000,19269.000000,26712005840.000000,2.170000,1.530000,105.200000,26712005840.000000
2022-07-27,7074.400000,6965.200000,6982.000000,7066.200000,19290.000000,27113992760.000000,1.570000,1.460000,101.800000,27113992760.000000
2022-07-28,7171.400000,7072.400000,7110.000000,7119.000000,22464.000000,31993809920.000000,1.400000,0.840000,59.600000,31993809920.000000
2022-07-29,7152.000000,7068.000000,7130.000000,7087.000000,25025.000000,35560145120.000000,1.180000,-0.360000,-25.400000,35560145120.000000
2022-08-01,7141.000000,7004.400000,7070.200000,7136.600000,22084.000000,31309930200.000000,1.930000,0.650000,46.400000,31309930200.000000
2022-08-02,7075.000000,6820.400000,7070.000000,6948.200000,37753.000000,52450615920.000000,3.570000,-2.550000,-181.800000,52450615920.000000
2022-08-03,7062.000000,6860.800000,6990.000000,6882.800000,32325.000000,45204820600.000000,2.880000,-1.330000,-92.600000,45204820600.000000
2022-08-04,6942.800000,6778.200000,6933.000000,6890.800000,35394.000000,48615528480.000000,2.380000,-0.340000,-23.800000,48615528480.000000
2022-08-05,7080.800000,6903.400000,6903.400000,7080.000000,31492.000000,43993596160.000000,2.580000,3.030000,208.000000,43993596160.000000
2022-08-08,7145.000000,7039.600000,7060.000000,7132.200000,20853.000000,29596277000.000000,1.490000,1.150000,80.800000,29596277000.000000
2022-08-09,7164.800000,7084.400000,7120.000000,7160.600000,18871.000000,26903698280.000000,1.130000,0.420000,30.000000,26903698280.000000
2022-08-10,7202.000000,7130.000000,7138.000000,7168.400000,21848.000000,31324244560.000000,1.010000,0.200000,14.000000,31324244560.000000
2022-08-11,7287.600000,7179.600000,7201.400000,7284.800000,22671.000000,32833462040.000000,1.510000,1.770000,126.600000,32833462040.000000
2022-08-12,7306.000000,7205.400000,7275.000000,7222.400000,19678.000000,28577350400.000000,1.380000,-0.770000,-56.200000,28577350400.000000
2022-08-15,7297.600000,7206.000000,7210.000000,7266.000000,20698.000000,30046053080.000000,1.270000,0.510000,37.200000,30046053080.000000
2022-08-16,7361.400000,7257.200000,7275.000000,7311.000000,21099.000000,30856338920.000000,1.430000,0.670000,48.600000,30856338920.000000
2022-08-17,7346.400000,7263.800000,7317.000000,7327.600000,18274.000000,26712226440.000000,1.130000,0.300000,22.000000,26712226440.000000
2022-08-18,7370.400000,7303.000000,7320.000000,7358.800000,14405.000000,21120734240.000000,0.920000,0.450000,33.000000,21120734240.000000
2022-08-19,7337.000000,7183.200000,7319.000000,7186.400000,31515.000000,45715101680.000000,2.090000,-2.250000,-165.600000,45715101680.000000
2022-08-22,7252.800000,7119.400000,7179.800000,7232.400000,27615.000000,39756292400.000000,1.850000,0.410000,29.200000,39756292400.000000
2022-08-23,7259.800000,7208.600000,7224.000000,7253.600000,25221.000000,36499230200.000000,0.710000,0.200000,14.200000,36499230200.000000
2022-08-24,7277.000000,6951.400000,7263.000000,6969.800000,43723.000000,61845527520.000000,4.500000,-3.750000,-271.200000,61845527520.000000
2022-08-25,6999.000000,6865.000000,6995.000000,6940.400000,40047.000000,55498285200.000000,1.920000,-0.530000,-37.200000,55498285200.000000
2022-08-26,7032.000000,6886.400000,6968.600000,6911.600000,34552.000000,48143010160.000000,2.110000,-0.030000,-2.200000,48143010160.000000
2022-08-29,6979.000000,6805.000000,6810.000000,6950.000000,35892.000000,49681137520.000000,2.520000,0.560000,38.400000,49681137520.000000
2022-08-30,6965.400000,6887.200000,6954.200000,6941.000000,30897.000000,42825910040.000000,1.120000,-0.180000,-12.800000,42825910040.000000
2022-08-31,6931.800000,6699.000000,6918.400000,6710.200000,47768.000000,64880654360.000000,3.360000,-3.210000,-222.200000,64880654360.000000
2022-09-01,6787.200000,6649.800000,6720.000000,6682.600000,38108.000000,51232136280.000000,2.040000,-0.720000,-48.400000,51232136280.000000
2022-09-02,6773.400000,6669.800000,6706.400000,6730.200000,34760.000000,46762576760.000000,1.550000,0.760000,51.000000,46762576760.000000
2022-09-05,6810.800000,6691.800000,6726.400000,6747.200000,30586.000000,41273071960.000000,1.770000,0.320000,21.800000,41273071960.000000
2022-09-06,6885.000000,6738.000000,6770.000000,6879.800000,33895.000000,46230111600.000000,2.180000,2.100000,141.600000,46230111600.000000
2022-09-07,6954.000000,6851.000000,6851.000000,6920.200000,27172.000000,37568989120.000000,1.500000,0.790000,54.400000,37568989120.000000
2022-09-08,6944.800000,6864.000000,6921.400000,6874.400000,24336.000000,33572291240.000000,1.170000,-0.630000,-43.400000,33572291240.000000
2022-09-09,6918.800000,6836.200000,6893.000000,6913.000000,31079.000000,42791049000.000000,1.200000,0.540000,37.400000,42791049000.000000
2022-09-13,6957.600000,6872.000000,6935.200000,6891.400000,26519.000000,36630507800.000000,1.240000,-0.270000,-18.800000,36630507800.000000
2022-09-14,6851.000000,6784.800000,6810.000000,6826.000000,27940.000000,38109747960.000000,0.960000,-0.900000,-62.000000,38109747960.000000
2022-09-15,6860.000000,6524.400000,6855.400000,6596.400000,29581.000000,39519680240.000000,4.920000,-3.310000,-226.000000,39519680240.000000
2022-09-16,6557.800000,6369.200000,6500.000000,6383.200000,42595.000000,55144086680.000000,2.870000,-2.920000,-192.200000,55144086680.000000
2022-09-19,6428.200000,6257.000000,6373.000000,6298.200000,41542.000000,52649422120.000000,2.680000,-1.540000,-98.800000,52649422120.000000
2022-09-20,6464.800000,6343.000000,6361.000000,6388.800000,37253.000000,47635121080.000000,1.930000,1.440000,90.600000,47635121080.000000
2022-09-21,6447.600000,6303.000000,6368.000000,6412.600000,39329.000000,50217050360.000000,2.270000,0.630000,40.400000,50217050360.000000
2022-09-22,6506.800000,6368.000000,6373.400000,6435.800000,40306.000000,51943046960.000000,2.160000,0.180000,11.400000,51943046960.000000
2022-09-23,6458.800000,6246.000000,6437.000000,6323.400000,55619.000000,70591072040.000000,3.310000,-1.790000,-115.000000,70591072040.000000
2022-09-26,6391.000000,6251.200000,6288.000000,6255.000000,41247.000000,52076104600.000000,2.210000,-1.240000,-78.400000,52076104600.000000
2022-09-27,6405.000000,6270.800000,6289.000000,6398.800000,41677.000000,52761171360.000000,2.140000,1.990000,125.000000,52761171360.000000
2022-09-28,6393.200000,6201.200000,6380.200000,6202.600000,48495.000000,60958021440.000000,3.010000,-2.740000,-174.800000,60958021440.000000
2022-09-29,6308.000000,6180.200000,6275.000000,6232.400000,44555.000000,55750742640.000000,2.050000,-0.120000,-7.800000,55750742640.000000
2022-09-30,6247.400000,6098.200000,6242.000000,6103.000000,42514.000000,52419196960.000000,2.400000,-1.800000,-112.000000,52419196960.000000
2022-10-10,6142.800000,5941.400000,6121.600000,5976.000000,35148.000000,42549522800.000000,3.290000,-2.390000,-146.400000,42549522800.000000
2022-10-11,6030.000000,5935.000000,5990.000000,5994.200000,35293.000000,42266612040.000000,1.590000,0.270000,16.200000,42266612040.000000
2022-10-12,6182.400000,5895.200000,5985.600000,6169.200000,51182.000000,61536059720.000000,4.790000,2.880000,172.600000,61536059720.000000
2022-10-13,6305.000000,6142.200000,6147.600000,6242.400000,39115.000000,48794512240.000000,2.650000,1.750000,107.400000,48794512240.000000
2022-10-14,6437.400000,6273.200000,6300.000000,6418.000000,39202.000000,49926799520.000000,2.630000,2.770000,173.000000,49926799520.000000
2022-10-17,6487.400000,6396.800000,6400.000000,6448.000000,31880.000000,41039045480.000000,1.410000,0.580000,37.000000,41039045480.000000
2022-10-18,6547.800000,6432.400000,6466.000000,6497.200000,30270.000000,39276953080.000000,1.780000,0.470000,30.600000,39276953080.000000
2022-10-19,6545.000000,6452.400000,6477.000000,6462.400000,29061.000000,37745193400.000000,1.430000,-0.450000,-29.000000,37745193400.000000
2022-10-20,6543.800000,6328.600000,6435.200000,6445.800000,28712.000000,36848002600.000000,3.330000,-0.390000,-25.000000,36848002600.000000
2022-10-21,6424.800000,6315.000000,6376.000000,6377.400000,36648.000000,46715610480.000000,1.700000,-1.020000,-66.000000,46715610480.000000
2022-10-24,6554.400000,6267.000000,6370.000000,6360.000000,52094.000000,66782098240.000000,4.510000,-0.140000,-8.600000,66782098240.000000
2022-10-25,6389.000000,6212.400000,6340.000000,6340.800000,51852.000000,65367152720.000000,2.790000,0.140000,8.600000,65367152720.000000
2022-10-26,6578.000000,6336.200000,6348.200000,6500.600000,59542.000000,77135289880.000000,3.810000,2.490000,158.200000,77135289880.000000
2022-10-27,6560.000000,6453.000000,6534.200000,6473.000000,42741.000000,55643532800.000000,1.650000,-0.050000,-3.200000,55643532800.000000
2022-10-28,6462.600000,6202.000000,6426.200000,6224.200000,51221.000000,64956595120.000000,4.020000,-4.020000,-260.600000,64956595120.000000
2022-10-31,6360.000000,6185.400000,6203.000000,6286.600000,48429.000000,60785700120.000000,2.790000,0.570000,35.800000,60785700120.000000
2022-11-01,6471.000000,6271.400000,6317.000000,6471.000000,50479.000000,64307019400.000000,3.180000,3.140000,196.800000,64307019400.000000
2022-11-02,6561.800000,6447.000000,6459.000000,6532.000000,35874.000000,46686822760.000000,1.790000,1.590000,102.200000,46686822760.000000
2022-11-03,6589.000000,6493.000000,6493.000000,6563.400000,33815.000000,44287204000.000000,1.470000,0.530000,34.600000,44287204000.000000
2022-11-04,6750.800000,6564.200000,6588.000000,6746.600000,43107.000000,57508938200.000000,2.840000,2.730000,179.400000,57508938200.000000
2022-11-07,6777.000000,6661.000000,6731.400000,6711.800000,37120.000000,49904274480.000000,1.720000,-0.290000,-19.400000,49904274480.000000
2022-11-08,6717.800000,6045.400000,6045.400000,6707.600000,28811.000000,38454503760.000000,10.010000,-0.140000,-9.400000,38454503760.000000
2022-11-09,6748.000000,6660.000000,6700.400000,6674.800000,29093.000000,38949379280.000000,1.320000,-0.200000,-13.600000,38949379280.000000
2022-11-10,6667.000000,6584.000000,6638.000000,6616.000000,33758.000000,44718753600.000000,1.240000,-1.010000,-67.200000,44718753600.000000
2022-11-11,6811.600000,6641.800000,6800.000000,6645.000000,45127.000000,60669142000.000000,2.570000,0.390000,25.800000,60669142000.000000
2022-11-14,6714.000000,6565.600000,6668.000000,6592.200000,36933.000000,49032518280.000000,2.220000,-1.400000,-93.600000,49032518280.000000
2022-11-15,6753.200000,6582.600000,6595.000000,6753.000000,33028.000000,44193267920.000000,2.590000,2.500000,165.000000,44193267920.000000
2022-11-16,6774.600000,6691.600000,6747.800000,6698.200000,23921.000000,32190969760.000000,1.230000,-0.590000,-39.800000,32190969760.000000
2022-11-17,6722.000000,6634.000000,6682.400000,6715.200000,20540.000000,27368858400.000000,1.310000,0.200000,13.200000,27368858400.000000
2022-11-18,6760.000000,6631.400000,6700.600000,6646.400000,41232.000000,55310348440.000000,1.920000,-0.670000,-44.800000,55310348440.000000
2022-11-21,6695.800000,6581.200000,6606.200000,6685.000000,39569.000000,52600869720.000000,1.720000,0.310000,20.600000,52600869720.000000
2022-11-22,6686.800000,6514.400000,6674.000000,6557.200000,51946.000000,68654716640.000000,2.580000,-1.920000,-128.200000,68654716640.000000
2022-11-23,6584.000000,6422.200000,6563.000000,6553.400000,49857.000000,64933679920.000000,2.470000,0.120000,7.800000,64933679920.000000
2022-11-24,6595.600000,6520.400000,6570.000000,6559.200000,38327.000000,50297820320.000000,1.150000,0.190000,12.600000,50297820320.000000
2022-11-25,6553.800000,6485.800000,6545.200000,6497.000000,35966.000000,46854427680.000000,1.040000,-1.030000,-67.600000,46854427680.000000
2022-11-28,6500.600000,6371.400000,6424.200000,6492.000000,42689.000000,55132609200.000000,1.990000,-0.150000,-9.800000,55132609200.000000
2022-11-29,6632.800000,6501.000000,6502.000000,6597.000000,41900.000000,55040640320.000000,2.030000,1.790000,116.200000,55040640320.000000
2022-11-30,6623.000000,6555.400000,6600.200000,6582.800000,31915.000000,42088633040.000000,1.020000,-0.240000,-16.000000,42088633040.000000
2022-12-01,6713.800000,6637.800000,6656.000000,6662.000000,34834.000000,46527782680.000000,1.160000,1.360000,89.400000,46527782680.000000
2022-12-02,6747.000000,6651.200000,6662.200000,6681.800000,30017.000000,40227123840.000000,1.440000,0.130000,8.800000,40227123840.000000
2022-12-05,6736.000000,6673.000000,6729.000000,6703.000000,34433.000000,46162253680.000000,0.940000,0.190000,12.600000,46162253680.000000
2022-12-06,6747.000000,6657.000000,6690.200000,6697.800000,35502.000000,47589781560.000000,1.340000,0.030000,1.800000,47589781560.000000
2022-12-07,6739.000000,6671.600000,6689.800000,6695.200000,31060.000000,41668941040.000000,1.010000,0.120000,8.000000,41668941040.000000
2022-12-08,6701.400000,6633.800000,6701.400000,6663.800000,29056.000000,38737277960.000000,1.010000,-0.390000,-25.800000,38737277960.000000
2022-12-09,6699.600000,6613.200000,6666.000000,6684.800000,34377.000000,45832967440.000000,1.300000,0.480000,32.000000,45832967440.000000
2022-12-12,6691.600000,6614.000000,6678.000000,6654.600000,36779.000000,48953530280.000000,1.160000,-0.340000,-22.800000,48953530280.000000
2022-12-13,6659.800000,6590.600000,6659.800000,6604.800000,27158.000000,35929683760.000000,1.040000,-0.920000,-61.000000,35929683760.000000
2022-12-14,6638.400000,6551.400000,6615.000000,6573.600000,30053.000000,39661219440.000000,1.320000,-0.470000,-30.800000,39661219440.000000
2022-12-15,6618.400000,6547.600000,6564.800000,6600.600000,23979.000000,31605828080.000000,1.080000,0.540000,35.200000,31605828080.000000
2022-12-16,6597.800000,6509.800000,6581.000000,6515.000000,14369.000000,18800573680.000000,1.330000,-1.330000,-87.600000,18800573680.000000
2022-12-19,6553.600000,6377.200000,6524.000000,6417.000000,31461.000000,40618647320.000000,2.710000,-1.510000,-98.400000,40618647320.000000
2022-12-20,6418.600000,6337.600000,6403.000000,6350.400000,31960.000000,40764833280.000000,1.270000,-0.750000,-48.000000,40764833280.000000
2022-12-21,6369.800000,6248.800000,6356.000000,6302.200000,30254.000000,38182988160.000000,1.900000,-0.860000,-54.400000,38182988160.000000
2022-12-22,6333.600000,6171.200000,6327.800000,6206.000000,32221.000000,40325904040.000000,2.580000,-1.370000,-86.200000,40325904040.000000
2022-12-23,6232.200000,6130.400000,6182.000000,6165.200000,34624.000000,42838579240.000000,1.640000,-0.570000,-35.200000,42838579240.000000
2022-12-26,6305.400000,6170.200000,6172.200000,6285.200000,33311.000000,41734267800.000000,2.200000,2.150000,132.000000,41734267800.000000
2022-12-27,6339.000000,6265.400000,6305.000000,6336.200000,26878.000000,33896231480.000000,1.170000,0.770000,48.200000,33896231480.000000
2022-12-28,6318.400000,6263.800000,6310.000000,6293.400000,22558.000000,28375551000.000000,0.860000,-0.570000,-36.200000,28375551000.000000
2022-12-29,6334.800000,6260.800000,6279.800000,6269.200000,27458.000000,34567124240.000000,1.180000,-0.220000,-13.600000,34567124240.000000
2022-12-30,6304.000000,6261.000000,6290.200000,6285.800000,21902.000000,27526389800.000000,0.680000,0.080000,5.000000,27526389800.000000
2023-01-03,6442.800000,6276.000000,6280.000000,6420.000000,29613.000000,37708160840.000000,2.650000,2.180000,137.200000,37708160840.000000
2023-01-04,6439.000000,6375.000000,6420.000000,6414.400000,22569.000000,28946949360.000000,1.000000,-0.180000,-11.600000,28946949360.000000
2023-01-05,6494.000000,6408.200000,6433.800000,6490.400000,24379.000000,31515784360.000000,1.340000,1.320000,84.800000,31515784360.000000
2023-01-06,6543.600000,6478.200000,6487.200000,6505.200000,23789.000000,30983990840.000000,1.010000,0.330000,21.400000,30983990840.000000
2023-01-09,6571.000000,6513.000000,6518.200000,6518.200000,21905.000000,28652152640.000000,0.890000,0.310000,20.000000,28652152640.000000
2023-01-10,6546.600000,6490.200000,6527.000000,6532.200000,17855.000000,23307657280.000000,0.860000,0.060000,3.600000,23307657280.000000
2023-01-11,6562.400000,6481.000000,6539.000000,6494.400000,22001.000000,28696724400.000000,1.250000,-0.620000,-40.600000,28696724400.000000
2023-01-12,6541.600000,6473.800000,6500.000000,6492.000000,24588.000000,31993491160.000000,1.040000,-0.070000,-4.400000,31993491160.000000
2023-01-13,6551.800000,6481.200000,6509.800000,6542.400000,24189.000000,31455982640.000000,1.090000,0.650000,42.200000,31455982640.000000
2023-01-16,6658.800000,6539.800000,6540.000000,6597.400000,31794.000000,42039941120.000000,1.830000,1.250000,81.200000,42039941120.000000
2023-01-17,6646.600000,6592.600000,6606.000000,6608.200000,19735.000000,26124442520.000000,0.820000,0.100000,6.400000,26124442520.000000
2023-01-18,6653.800000,6611.400000,6620.800000,6621.200000,18132.000000,24038691000.000000,0.640000,0.170000,11.000000,24038691000.000000
2023-01-19,6692.800000,6587.400000,6607.800000,6687.400000,16681.000000,22163836920.000000,1.590000,0.930000,61.400000,22163836920.000000
2023-01-20,6777.600000,6717.400000,6736.200000,6777.600000,23193.000000,31325327040.000000,0.900000,1.470000,98.000000,31325327040.000000
2023-01-30,6888.000000,6791.000000,6881.200000,6792.800000,27391.000000,37460235240.000000,1.430000,0.420000,28.400000,37460235240.000000
2023-01-31,6848.000000,6775.600000,6796.200000,6818.000000,23191.000000,31638372240.000000,1.060000,0.260000,17.800000,31638372240.000000
2023-02-01,6923.000000,6822.200000,6831.000000,6922.600000,26743.000000,36765361240.000000,1.480000,1.500000,102.600000,36765361240.000000
2023-02-02,6983.400000,6911.800000,6932.600000,6928.000000,28541.000000,39648682400.000000,1.040000,0.260000,18.000000,39648682400.000000
2023-02-03,6933.000000,6825.000000,6910.000000,6920.000000,34786.000000,47917561600.000000,1.560000,-0.190000,-13.400000,47917561600.000000
2023-02-06,6924.600000,6840.200000,6892.200000,6893.600000,30107.000000,41426768360.000000,1.220000,-0.300000,-20.400000,41426768360.000000
2023-02-07,6916.000000,6840.800000,6907.400000,6912.800000,31160.000000,42898201800.000000,1.090000,0.430000,29.800000,42898201800.000000
2023-02-08,6926.000000,6853.000000,6905.800000,6865.800000,26376.000000,36320520000.000000,1.060000,-0.420000,-29.000000,36320520000.000000
2023-02-09,7023.000000,6838.400000,6841.000000,7020.800000,35972.000000,49950470720.000000,2.690000,2.200000,150.800000,49950470720.000000
2023-02-10,7023.800000,6911.000000,7009.800000,6977.600000,34437.000000,48014645880.000000,1.610000,-0.450000,-31.200000,48014645880.000000
2023-02-13,7045.000000,6960.200000,6968.400000,7039.600000,26143.000000,36703421000.000000,1.220000,1.020000,71.000000,36703421000.000000
2023-02-14,7065.000000,7016.000000,7050.600000,7055.600000,19802.000000,27882521400.000000,0.700000,0.330000,23.200000,27882521400.000000
2023-02-15,7071.800000,7025.600000,7051.400000,7049.800000,20524.000000,28936566200.000000,0.660000,0.100000,6.800000,28936566200.000000
2023-02-16,7077.800000,6864.200000,7039.800000,6909.200000,49836.000000,69710060440.000000,3.030000,-1.940000,-137.000000,69710060440.000000
2023-02-17,6940.600000,6842.000000,6928.000000,6849.800000,47096.000000,64892955960.000000,1.420000,-1.210000,-83.600000,64892955960.000000