2021-01-08,30680.000000,26385.000000,29500.000000,26810.000000,91056.000000,41216023808.000000,0.000000,0.000000,0.000000,41216023808.000000
2021-01-11,26720.000000,26030.000000,26225.000000,26030.000000,23026.000000,9676310272.000000,2.440000,-7.990000,-2260.000000,9676310272.000000
2021-01-12,26210.000000,25205.000000,25760.000000,25560.000000,39402.000000,16263751936.000000,3.830000,-2.670000,-700.000000,16263751936.000000
2021-01-13,26350.000000,25715.000000,25830.000000,25870.000000,16470.000000,6847978240.000000,2.460000,0.290000,75.000000,6847978240.000000
2021-01-14,26155.000000,24860.000000,25805.000000,24890.000000,24216.000000,9872292864.000000,4.980000,-4.210000,-1095.000000,9872292864.000000
2021-01-15,25155.000000,24460.000000,25155.000000,24725.000000,20257.000000,8046526208.000000,2.730000,-2.940000,-750.000000,8046526208.000000
2021-01-18,25780.000000,24805.000000,24825.000000,25140.000000,19855.000000,8044701696.000000,3.930000,1.270000,315.000000,8044701696.000000
2021-01-19,25390.000000,24880.000000,25185.000000,25025.000000,8816.000000,3535795600.000000,2.010000,-1.170000,-295.000000,3535795600.000000
2021-01-20,25090.000000,24500.000000,25005.000000,24910.000000,7832.000000,3116667760.000000,2.350000,-0.620000,-155.000000,3116667760.000000
2021-01-21,25185.000000,24800.000000,24910.000000,24870.000000,6694.000000,2678821120.000000,1.550000,0.000000,0.000000,2678821120.000000
2021-01-22,25045.000000,24530.000000,24860.000000,24565.000000,8147.000000,3229322560.000000,2.060000,-1.780000,-445.000000,3229322560.000000
2021-01-25,25300.000000,24510.000000,24510.000000,24930.000000,10872.000000,4343655168.000000,3.190000,0.650000,160.000000,4343655168.000000
2021-01-26,25770.000000,24925.000000,25100.000000,25555.000000,17784.000000,7224803584.000000,3.380000,2.340000,585.000000,7224803584.000000
2021-01-27,25645.000000,25200.000000,25610.000000,25275.000000,8352.000000,3392452960.000000,1.750000,-0.450000,-115.000000,3392452960.000000
2021-01-28,25535.000000,25020.000000,25150.000000,25190.000000,8710.000000,3527301920.000000,2.030000,-0.770000,-195.000000,3527301920.000000
2021-01-29,25620.000000,25280.000000,25295.000000,25570.000000,8596.000000,3503677920.000000,1.340000,1.030000,260.000000,3503677920.000000
2021-02-01,25970.000000,25420.000000,25600.000000,25685.000000,6161.000000,2527569200.000000,2.160000,0.840000,215.000000,2527569200.000000
2021-02-02,26040.000000,25300.000000,25700.000000,25380.000000,11849.000000,4876178688.000000,2.890000,-1.010000,-260.000000,4876178688.000000
2021-02-03,25555.000000,25210.000000,25300.000000,25315.000000,7046.000000,2858946800.000000,1.340000,-1.570000,-405.000000,2858946800.000000
2021-02-04,25485.000000,25250.000000,25325.000000,25445.000000,4078.000000,1656259600.000000,0.930000,0.350000,90.000000,1656259600.000000
2021-02-05,26175.000000,25500.000000,25500.000000,26170.000000,8802.000000,3639851760.000000,2.660000,3.110000,790.000000,3639851760.000000
2021-02-08,27400.000000,26225.000000,26225.000000,26900.000000,13460.000000,5789697536.000000,4.550000,4.080000,1055.000000,5789697536.000000
2021-02-09,27110.000000,26400.000000,26900.000000,26845.000000,6343.000000,2720431040.000000,2.640000,-0.130000,-35.000000,2720431040.000000
2021-02-10,26870.000000,26500.000000,26845.000000,26705.000000,4436.000000,1892812880.000000,1.380000,-0.370000,-100.000000,1892812880.000000
2021-02-18,27100.000000,26525.000000,27000.000000,27000.000000,5803.000000,2491294320.000000,2.160000,1.260000,335.000000,2491294320.000000
2021-02-19,28390.000000,27055.000000,27100.000000,28330.000000,16334.000000,7294191872.000000,4.980000,5.590000,1500.000000,7294191872.000000
2021-02-22,29430.000000,28115.000000,28350.000000,29380.000000,15830.000000,7284043008.000000,4.710000,5.270000,1470.000000,7284043008.000000
2021-02-23,29380.000000,28050.000000,29350.000000,28980.000000,16187.000000,7417212672.000000,4.630000,0.780000,225.000000,7417212672.000000
2021-02-24,29805.000000,28600.000000,29600.000000,28900.000000,10008.000000,4641667584.000000,4.210000,0.930000,265.000000,4641667584.000000
2021-02-25,29140.000000,28630.000000,29000.000000,28915.000000,7317.000000,3375475120.000000,1.760000,-0.240000,-70.000000,3375475120.000000
2021-02-26,29325.000000,28440.000000,28800.000000,28970.000000,8485.000000,3920522080.000000,3.070000,0.490000,140.000000,3920522080.000000
2021-03-01,29435.000000,28800.000000,29430.000000,29185.000000,5271.000000,2454413600.000000,2.200000,1.070000,310.000000,2454413600.000000
2021-03-02,29250.000000,28500.000000,29150.000000,28750.000000,6560.000000,3029364160.000000,2.580000,-1.200000,-350.000000,3029364160.000000
2021-03-03,29000.000000,28510.000000,28945.000000,28785.000000,3709.000000,1707043280.000000,1.700000,-0.260000,-75.000000,1707043280.000000
2021-03-04,29115.000000,28550.000000,28745.000000,28845.000000,3695.000000,1709238000.000000,1.960000,0.280000,80.000000,1709238000.000000
2021-03-05,28880.000000,27000.000000,28865.000000,28400.000000,8233.000000,3726141040.000000,6.500000,-1.760000,-510.000000,3726141040.000000
2021-03-08,28900.000000,28400.000000,28550.000000,28545.000000,3651.000000,1672683920.000000,1.770000,0.920000,260.000000,1672683920.000000
2021-03-09,28615.000000,27820.000000,28465.000000,27900.000000,4897.000000,2212324160.000000,2.780000,-2.550000,-730.000000,2212324160.000000
2021-03-10,28300.000000,27200.000000,27880.000000,28050.000000,9535.000000,4226402000.000000,3.900000,-0.660000,-185.000000,4226402000.000000
2021-03-11,28755.000000,27805.000000,28000.000000,28595.000000,5980.000000,2698629440.000000,3.430000,3.230000,895.000000,2698629440.000000
2021-03-12,28885.000000,28485.000000,28880.000000,28750.000000,3588.000000,1647621920.000000,1.420000,1.950000,550.000000,1647621920.000000
2021-03-15,28995.000000,28280.000000,28785.000000,28405.000000,4380.000000,2003193840.000000,2.490000,-1.030000,-295.000000,2003193840.000000
2021-03-16,28695.000000,28120.000000,28370.000000,28450.000000,2592.000000,1179019520.000000,2.010000,-0.450000,-130.000000,1179019520.000000
2021-03-17,28760.000000,28310.000000,28390.000000,28610.000000,2806.000000,1281891920.000000,1.580000,0.650000,185.000000,1281891920.000000
2021-03-18,28630.000000,28365.000000,28470.000000,28470.000000,2409.000000,1098787680.000000,0.930000,-0.280000,-80.000000,1098787680.000000
2021-03-19,28600.000000,28135.000000,28205.000000,28505.000000,2824.000000,1284454480.000000,1.630000,0.000000,0.000000,1284454480.000000
2021-03-22,28470.000000,27935.000000,28455.000000,28250.000000,3574.000000,1613109920.000000,1.880000,-0.620000,-175.000000,1613109920.000000
2021-03-23,28325.000000,27960.000000,28280.000000,28135.000000,1704.000000,767110960.000000,1.290000,-0.250000,-70.000000,767110960.000000
2021-03-24,28190.000000,27850.000000,28000.000000,28000.000000,1963.000000,880192320.000000,1.210000,-0.480000,-135.000000,880192320.000000
2021-03-25,27980.000000,27520.000000,27850.000000,27520.000000,3065.000000,1358666800.000000,1.640000,-1.780000,-500.000000,1358666800.000000
2021-03-26,27570.000000,27215.000000,27500.000000,27215.000000,3136.000000,1372341760.000000,1.280000,-1.770000,-490.000000,1372341760.000000
2021-03-29,27030.000000,26520.000000,27000.000000,26555.000000,5143.000000,2202777360.000000,1.860000,-2.910000,-795.000000,2202777360.000000
2021-03-30,27230.000000,26310.000000,26480.000000,27030.000000,4615.000000,1988137200.000000,3.440000,0.990000,265.000000,1988137200.000000
2021-03-31,27130.000000,26655.000000,26870.000000,26985.000000,3481.000000,1497973040.000000,1.760000,0.240000,65.000000,1497973040.000000
2021-04-01,27995.000000,26870.000000,27110.000000,27940.000000,6534.000000,2880356240.000000,4.180000,3.890000,1045.000000,2880356240.000000
2021-04-02,27940.000000,27535.000000,27940.000000,27660.000000,3255.000000,1441726080.000000,1.470000,0.400000,110.000000,1441726080.000000
2021-04-06,27495.000000,27060.000000,27230.000000,27120.000000,2436.000000,1064677920.000000,1.570000,-2.020000,-560.000000,1064677920.000000
2021-04-07,27120.000000,26665.000000,27050.000000,26810.000000,3445.000000,1479421680.000000,1.670000,-1.850000,-505.000000,1479421680.000000
2021-04-08,27320.000000,26615.000000,26740.000000,26920.000000,2583.000000,1114113520.000000,2.630000,0.300000,80.000000,1114113520.000000
2021-04-09,27070.000000,26465.000000,26995.000000,26610.000000,3555.000000,1518124640.000000,2.240000,-1.280000,-345.000000,1518124640.000000
2021-04-12,27345.000000,26815.000000,26830.000000,27095.000000,4175.000000,1810469120.000000,1.990000,1.540000,410.000000,1810469120.000000
2021-04-13,27640.000000,27120.000000,27300.000000,27605.000000,3436.000000,1504591280.000000,1.920000,1.860000,505.000000,1504591280.000000
2021-04-14,27700.000000,27350.000000,27365.000000,27425.000000,2315.000000,1018917040.000000,1.280000,0.220000,60.000000,1018917040.000000
2021-04-15,27495.000000,27150.000000,27280.000000,27190.000000,2235.000000,977399440.000000,1.250000,-1.150000,-315.000000,977399440.000000
2021-04-16,27150.000000,26785.000000,27000.000000,26920.000000,3478.000000,1498432240.000000,1.340000,-1.500000,-410.000000,1498432240.000000
2021-04-19,27245.000000,26800.000000,26900.000000,27180.000000,2564.000000,1110500880.000000,1.650000,0.950000,255.000000,1110500880.000000
2021-04-20,27480.000000,27110.000000,27180.000000,27110.000000,1755.000000,764645600.000000,1.370000,0.170000,45.000000,764645600.000000
2021-04-21,27180.000000,26755.000000,26995.000000,27170.000000,1761.000000,762330560.000000,1.560000,-0.220000,-60.000000,762330560.000000
2021-04-22,27330.000000,27050.000000,27155.000000,27195.000000,1818.000000,791443360.000000,1.030000,0.520000,140.000000,791443360.000000
2021-04-23,27990.000000,27195.000000,27195.000000,27720.000000,6524.000000,2889598640.000000,2.920000,1.890000,515.000000,2889598640.000000
2021-04-26,27680.000000,27330.000000,27680.000000,27370.000000,3446.000000,1512980480.000000,1.260000,-1.120000,-310.000000,1512980480.000000
2021-04-27,27440.000000,26660.000000,27400.000000,27035.000000,2685.000000,1163468400.000000,2.840000,-1.480000,-405.000000,1163468400.000000
2021-04-28,27355.000000,26850.000000,26875.000000,27250.000000,2057.000000,894224400.000000,1.860000,0.630000,170.000000,894224400.000000
2021-04-29,27385.000000,27075.000000,27210.000000,27320.000000,1601.000000,696860160.000000,1.140000,0.550000,150.000000,696860160.000000
2021-04-30,27480.000000,27200.000000,27320.000000,27290.000000,1967.000000,860291760.000000,1.030000,0.330000,90.000000,860291760.000000
2021-05-06,27160.000000,26405.000000,27000.000000,26700.000000,5508.000000,2360060000.000000,2.760000,-2.320000,-635.000000,2360060000.000000
2021-05-07,26945.000000,26485.000000,26700.000000,26900.000000,2773.000000,1189473760.000000,1.720000,0.470000,125.000000,1189473760.000000
2021-05-10,26750.000000,24975.000000,26700.000000,25005.000000,10732.000000,4421910528.000000,6.620000,-6.720000,-1800.000000,4421910528.000000
2021-05-11,25180.000000,24750.000000,24960.000000,24950.000000,5988.000000,2391378800.000000,1.670000,-3.110000,-800.000000,2391378800.000000
2021-05-12,25500.000000,25000.000000,25000.000000,25255.000000,5299.000000,2142764640.000000,2.000000,1.180000,295.000000,2142764640.000000
2021-05-13,25250.000000,24710.000000,25210.000000,25020.000000,4982.000000,1988950240.000000,2.140000,-0.990000,-250.000000,1988950240.000000
2021-05-14,25130.000000,24420.000000,25020.000000,24970.000000,6993.000000,2774082800.000000,2.850000,0.080000,20.000000,2774082800.000000
2021-05-17,25000.000000,24800.000000,24900.000000,24940.000000,2468.000000,983285440.000000,0.810000,0.610000,150.000000,983285440.000000
2021-05-18,25090.000000,24500.000000,24940.000000,24585.000000,5637.000000,2230529600.000000,2.370000,-1.270000,-315.000000,2230529600.000000
2021-05-19,24515.000000,23550.000000,24515.000000,23550.000000,9747.000000,3739656400.000000,3.900000,-4.770000,-1180.000000,3739656400.000000
2021-05-20,23870.000000,23080.000000,23400.000000,23565.000000,7762.000000,2914926960.000000,3.300000,-1.710000,-410.000000,2914926960.000000
2021-05-21,24200.000000,23380.000000,23500.000000,23890.000000,7302.000000,2789956320.000000,3.490000,1.790000,420.000000,2789956320.000000
2021-05-24,24050.000000,23430.000000,23880.000000,23940.000000,5008.000000,1910921040.000000,2.600000,0.250000,60.000000,1910921040.000000
2021-05-25,24300.000000,23620.000000,24050.000000,23895.000000,5569.000000,2136134080.000000,2.850000,0.210000,50.000000,2136134080.000000
2021-05-26,23760.000000,23100.000000,23760.000000,23120.000000,7311.000000,2738653280.000000,2.750000,-3.550000,-850.000000,2738653280.000000
2021-05-27,23000.000000,22400.000000,23000.000000,22445.000000,9478.000000,3432221280.000000,2.560000,-4.120000,-965.000000,3432221280.000000
2021-05-28,23395.000000,22425.000000,22425.000000,22485.000000,6879.000000,2495662800.000000,4.290000,-0.640000,-145.000000,2495662800.000000
2021-05-31,22695.000000,22035.000000,22410.000000,22245.000000,8927.000000,3189759760.000000,2.910000,-1.870000,-425.000000,3189759760.000000
2021-06-01,22520.000000,22000.000000,22360.000000,22025.000000,7739.000000,2754962560.000000,2.330000,-1.370000,-305.000000,2754962560.000000
2021-06-02,22190.000000,21435.000000,21980.000000,21525.000000,10779.000000,3754714800.000000,3.390000,-3.240000,-720.000000,3754714800.000000
2021-06-03,21500.000000,20170.000000,21500.000000,20640.000000,21082.000000,7009625600.000000,6.110000,-5.190000,-1130.000000,7009625600.000000
2021-06-04,20500.000000,19830.000000,20500.000000,19870.000000,20899.000000,6718964480.000000,3.220000,-4.380000,-910.000000,6718964480.000000
2021-06-07,20355.000000,19310.000000,19670.000000,20025.000000,28848.000000,9146249984.000000,5.200000,-0.320000,-65.000000,9146249984.000000
2021-06-08,20395.000000,19735.000000,20200.000000,19770.000000,17528.000000,5631851776.000000,3.330000,-0.230000,-45.000000,5631851776.000000
2021-06-09,20670.000000,19555.000000,19620.000000,20215.000000,33626.000000,10866971392.000000,5.550000,0.670000,135.000000,10866971392.000000
2021-06-10,20440.000000,19860.000000,20050.000000,19935.000000,16475.000000,5305654272.000000,2.870000,-1.290000,-260.000000,5305654272.000000
2021-06-11,20150.000000,19730.000000,19930.000000,19795.000000,12721.000000,4062726720.000000,2.090000,-1.640000,-330.000000,4062726720.000000
2021-06-15,19495.000000,18550.000000,19310.000000,18810.000000,23417.000000,7132972800.000000,4.730000,-5.760000,-1150.000000,7132972800.000000
2021-06-16,19270.000000,18800.000000,18810.000000,18970.000000,18612.000000,5669873152.000000,2.470000,-0.340000,-65.000000,5669873152.000000
2021-06-17,19150.000000,18400.000000,18890.000000,18465.000000,22702.000000,6821020672.000000,3.940000,-2.990000,-570.000000,6821020672.000000
2021-06-18,18415.000000,17600.000000,18200.000000,17600.000000,30579.000000,8786388224.000000,4.340000,-6.260000,-1175.000000,8786388224.000000
2021-06-21,17490.000000,16710.000000,17400.000000,16735.000000,39100.000000,10701056768.000000,4.340000,-6.790000,-1220.000000,10701056768.000000
2021-06-22,17280.000000,16675.000000,16690.000000,17040.000000,45223.000000,12313070336.000000,3.540000,-0.380000,-65.000000,12313070336.000000
2021-06-23,18165.000000,17100.000000,17100.000000,18160.000000,52537.000000,14833894912.000000,6.260000,6.730000,1145.000000,14833894912.000000
2021-06-24,18350.000000,17665.000000,18200.000000,17840.000000,43509.000000,12519279360.000000,3.880000,1.110000,195.000000,12519279360.000000
2021-06-25,18940.000000,17980.000000,17980.000000,18925.000000,46490.000000,13828695552.000000,5.340000,5.260000,945.000000,13828695552.000000
2021-06-28,19800.000000,18620.000000,19600.000000,18925.000000,54502.000000,16584644608.000000,6.350000,1.800000,335.000000,16584644608.000000
2021-06-29,19285.000000,18820.000000,18820.000000,19240.000000,28665.000000,8742643200.000000,2.450000,1.180000,225.000000,8742643200.000000
2021-06-30,19480.000000,19065.000000,19200.000000,19370.000000,24653.000000,7616476672.000000,2.180000,1.630000,310.000000,7616476672.000000
2021-07-01,19615.000000,18730.000000,19480.000000,18890.000000,34774.000000,10720005120.000000,4.580000,-2.150000,-415.000000,10720005120.000000
2021-07-02,18980.000000,18435.000000,18980.000000,18580.000000,29355.000000,8737428224.000000,2.830000,-3.560000,-685.000000,8737428224.000000
2021-07-05,19105.000000,18620.000000,18800.000000,18745.000000,24291.000000,7329268992.000000,2.610000,0.780000,145.000000,7329268992.000000
2021-07-06,19045.000000,18740.000000,18800.000000,18985.000000,15725.000000,4753929216.000000,1.620000,0.690000,130.000000,4753929216.000000
2021-07-07,19100.000000,18340.000000,18900.000000,18625.000000,24967.000000,7510315264.000000,4.020000,-1.400000,-265.000000,7510315264.000000
2021-07-08,18950.000000,18510.000000,18700.000000,18865.000000,17375.000000,5216553728.000000,2.340000,0.350000,65.000000,5216553728.000000
2021-07-09,19200.000000,18850.000000,19000.000000,19165.000000,13633.000000,4144008640.000000,1.870000,2.160000,405.000000,4144008640.000000
2021-07-12,19000.000000,18730.000000,19000.000000,18760.000000,16953.000000,5111014656.000000,1.420000,-1.240000,-235.000000,5111014656.000000
2021-07-13,18825.000000,18210.000000,18760.000000,18270.000000,20575.000000,6085947904.000000,3.260000,-3.030000,-570.000000,6085947904.000000
2021-07-14,18385.000000,17905.000000,18260.000000,18210.000000,23843.000000,6916532992.000000,2.600000,-1.490000,-275.000000,6916532992.000000
2021-07-15,18275.000000,17955.000000,18080.000000,18120.000000,13268.000000,3854312720.000000,1.770000,-0.060000,-10.000000,3854312720.000000
2021-07-16,18480.000000,18075.000000,18125.000000,18400.000000,12550.000000,3673858000.000000,2.230000,1.350000,245.000000,3673858000.000000
2021-07-19,18895.000000,18450.000000,18500.000000,18785.000000,16763.000000,5009261312.000000,2.430000,2.680000,490.000000,5009261312.000000
2021-07-20,19070.000000,18700.000000,18750.000000,18840.000000,16878.000000,5110705152.000000,1.980000,0.880000,165.000000,5110705152.000000
2021-07-21,19050.000000,18600.000000,18950.000000,18740.000000,12822.000000,3866126480.000000,2.380000,-0.980000,-185.000000,3866126480.000000
2021-07-22,18700.000000,18375.000000,18700.000000,18375.000000,11220.000000,3329862560.000000,1.720000,-2.490000,-470.000000,3329862560.000000
2021-07-23,18485.000000,18050.000000,18300.000000,18295.000000,13679.000000,3994410480.000000,2.350000,-1.350000,-250.000000,3994410480.000000
2021-07-26,18600.000000,18200.000000,18500.000000,18460.000000,13812.000000,4069248480.000000,2.190000,1.150000,210.000000,4069248480.000000
2021-07-27,18520.000000,18310.000000,18385.000000,18390.000000,7748.000000,2283435440.000000,1.140000,-0.110000,-20.000000,2283435440.000000
2021-07-28,18520.000000,18335.000000,18520.000000,18430.000000,5817.000000,1715591920.000000,1.000000,0.080000,15.000000,1715591920.000000
2021-07-29,18750.000000,18445.000000,18500.000000,18600.000000,10964.000000,3266870480.000000,1.650000,0.920000,170.000000,3266870480.000000
2021-07-30,18900.000000,18645.000000,18645.000000,18765.000000,11740.000000,3529816080.000000,1.370000,0.780000,145.000000,3529816080.000000
2021-08-02,18600.000000,17855.000000,18585.000000,18160.000000,14252.000000,4160984480.000000,3.960000,-3.350000,-630.000000,4160984480.000000
2021-08-03,18255.000000,17705.000000,18050.000000,17785.000000,16705.000000,4804576256.000000,3.010000,-2.520000,-460.000000,4804576256.000000
2021-08-04,18030.000000,17435.000000,17785.000000,17440.000000,18174.000000,5121003008.000000,3.310000,-2.980000,-535.000000,5121003008.000000
2021-08-05,17520.000000,17215.000000,17400.000000,17400.000000,12444.000000,3455823600.000000,1.730000,-1.190000,-210.000000,3455823600.000000
2021-08-06,17600.000000,17260.000000,17260.000000,17550.000000,11942.000000,3347724960.000000,1.960000,1.120000,195.000000,3347724960.000000
2021-08-09,17930.000000,17325.000000,17700.000000,17365.000000,10498.000000,2953540320.000000,3.450000,-0.880000,-155.000000,2953540320.000000
2021-08-10,17450.000000,17005.000000,17320.000000,17025.000000,11634.000000,3204158000.000000,2.530000,-3.160000,-555.000000,3204158000.000000
2021-08-11,17150.000000,16830.000000,16990.000000,17085.000000,11446.000000,3111502880.000000,1.860000,-0.730000,-125.000000,3111502880.000000
2021-08-12,17195.000000,16870.000000,17000.000000,17055.000000,11215.000000,3060807760.000000,1.910000,0.380000,65.000000,3060807760.000000
2021-08-13,17080.000000,16680.000000,17000.000000,16720.000000,10536.000000,2843043760.000000,2.350000,-1.960000,-335.000000,2843043760.000000
2021-08-16,16880.000000,16140.000000,16800.000000,16160.000000,14652.000000,3866233280.000000,4.390000,-4.180000,-705.000000,3866233280.000000
2021-08-17,16260.000000,15955.000000,16160.000000,16075.000000,12037.000000,3098419040.000000,1.850000,-2.520000,-415.000000,3098419040.000000
2021-08-18,16225.000000,15965.000000,16035.000000,15995.000000,7158.000000,1843137760.000000,1.620000,-0.560000,-90.000000,1843137760.000000
2021-08-19,17600.000000,17260.000000,17600.000000,17360.000000,16224.000000,4515708416.000000,2.110000,7.890000,1270.000000,4515708416.000000
2021-08-20,17945.000000,17310.000000,17370.000000,17775.000000,21655.000000,6127892992.000000,3.650000,2.180000,380.000000,6127892992.000000
2021-08-23,17580.000000,16955.000000,17500.000000,17000.000000,23213.000000,6389451776.000000,3.530000,-3.870000,-685.000000,6389451776.000000
2021-08-24,17055.000000,16740.000000,17000.000000,16895.000000,20776.000000,5611593216.000000,1.830000,-1.770000,-305.000000,5611593216.000000
2021-08-25,17065.000000,16800.000000,16895.000000,16985.000000,18470.000000,5004561152.000000,1.570000,0.620000,105.000000,5004561152.000000
2021-08-26,17250.000000,16940.000000,16940.000000,17140.000000,16540.000000,4537716224.000000,1.830000,1.240000,210.000000,4537716224.000000
2021-08-27,17250.000000,17005.000000,17150.000000,17175.000000,11253.000000,3087170480.000000,1.430000,0.170000,30.000000,3087170480.000000
2021-08-30,17080.000000,16415.000000,17080.000000,16430.000000,24239.000000,6465057024.000000,3.880000,-4.170000,-715.000000,6465057024.000000
2021-08-31,16940.000000,16620.000000,16645.000000,16760.000000,21123.000000,5676556288.000000,1.920000,0.540000,90.000000,5676556288.000000
2021-09-01,16900.000000,16300.000000,16800.000000,16565.000000,24091.000000,6391236608.000000,3.570000,-1.370000,-230.000000,6391236608.000000
2021-09-02,16675.000000,16040.000000,16540.000000,16085.000000,22475.000000,5853581056.000000,3.830000,-2.990000,-495.000000,5853581056.000000
2021-09-03,16300.000000,15880.000000,16045.000000,16090.000000,28409.000000,7304134656.000000,2.580000,-1.140000,-185.000000,7304134656.000000
2021-09-06,16180.000000,15770.000000,16050.000000,15965.000000,18856.000000,4826234368.000000,2.550000,-0.620000,-100.000000,4826234368.000000
2021-09-07,16160.000000,15850.000000,16040.000000,15910.000000,14975.000000,3839313840.000000,1.940000,-0.530000,-85.000000,3839313840.000000
2021-09-08,15980.000000,15575.000000,15900.000000,15585.000000,17573.000000,4427397888.000000,2.530000,-2.720000,-435.000000,4427397888.000000
2021-09-09,15500.000000,14955.000000,15500.000000,14995.000000,29225.000000,7099325952.000000,3.460000,-4.760000,-750.000000,7099325952.000000
2021-09-10,15245.000000,14765.000000,14875.000000,15070.000000,35404.000000,8502318848.000000,3.160000,-0.720000,-110.000000,8502318848.000000
2021-09-13,15055.000000,14550.000000,15055.000000,14575.000000,33234.000000,7862201088.000000,3.370000,-2.870000,-430.000000,7862201088.000000
2021-09-14,14695.000000,14365.000000,14640.000000,14385.000000,31162.000000,7231466240.000000,2.230000,-2.710000,-400.000000,7231466240.000000
2021-09-15,14480.000000,14105.000000,14335.000000,14110.000000,28111.000000,6439527424.000000,2.590000,-2.690000,-390.000000,6439527424.000000
2021-09-16,14845.000000,13760.000000,14145.000000,14580.000000,74558.000000,17053173504.000000,7.580000,1.850000,265.000000,17053173504.000000
2021-09-17,14750.000000,14135.000000,14545.000000,14175.000000,46989.000000,10848878336.000000,4.300000,-0.840000,-120.000000,10848878336.000000
2021-09-22,14060.000000,13530.000000,13900.000000,13685.000000,34169.000000,7578684928.000000,3.670000,-5.160000,-745.000000,7578684928.000000
2021-09-23,13870.000000,13450.000000,13675.000000,13600.000000,41480.000000,9033044736.000000,3.030000,-1.880000,-260.000000,9033044736.000000
2021-09-24,13785.000000,13365.000000,13500.000000,13670.000000,43102.000000,9408247808.000000,3.090000,0.440000,60.000000,9408247808.000000
2021-09-27,14400.000000,13540.000000,13580.000000,14360.000000,57405.000000,12884913408.000000,6.300000,5.280000,720.000000,12884913408.000000
2021-09-28,14565.000000,13900.000000,14380.000000,13920.000000,48486.000000,11021077504.000000,4.740000,-0.750000,-105.000000,11021077504.000000
2021-09-29,14100.000000,13660.000000,13920.000000,13870.000000,40181.000000,8926793728.000000,3.100000,-2.360000,-335.000000,8926793728.000000
2021-09-30,14125.000000,13725.000000,13810.000000,13880.000000,33212.000000,7404483584.000000,2.880000,-0.040000,-5.000000,7404483584.000000
2021-10-08,14335.000000,13920.000000,14005.000000,14225.000000,38822.000000,8793440256.000000,2.980000,2.120000,295.000000,8793440256.000000
2021-10-11,15285.000000,14375.000000,14500.000000,15285.000000,58764.000000,14003221504.000000,6.430000,7.980000,1130.000000,14003221504.000000
2021-10-12,15780.000000,15030.000000,15500.000000,15290.000000,69982.000000,17166619648.000000,5.040000,2.690000,400.000000,17166619648.000000
2021-10-13,15970.000000,14845.000000,15600.000000,15410.000000,72731.000000,18049276672.000000,7.340000,0.520000,80.000000,18049276672.000000
2021-10-14,15480.000000,14680.000000,15400.000000,14685.000000,48572.000000,11660347648.000000,5.160000,-5.320000,-825.000000,11660347648.000000
2021-10-15,15230.000000,14685.000000,14700.000000,15175.000000,44197.000000,10641997056.000000,3.630000,1.170000,175.000000,10641997056.000000
2021-10-18,16220.000000,15590.000000,15990.000000,15845.000000,50306.000000,12716325888.000000,4.190000,5.320000,800.000000,12716325888.000000
2021-10-19,16455.000000,15600.000000,15835.000000,16375.000000,50320.000000,12988710912.000000,5.410000,3.670000,580.000000,12988710912.000000
2021-10-20,16600.000000,15695.000000,16350.000000,16225.000000,45295.000000,11842368000.000000,5.610000,0.590000,95.000000,11842368000.000000
2021-10-21,16480.000000,15700.000000,16150.000000,15815.000000,49304.000000,12717210368.000000,4.770000,-3.210000,-525.000000,12717210368.000000
2021-10-22,16350.000000,15820.000000,15820.000000,16325.000000,43887.000000,11364038400.000000,3.290000,1.270000,205.000000,11364038400.000000
2021-10-25,17470.000000,16860.000000,17460.000000,17185.000000,69415.000000,19171115520.000000,3.770000,6.210000,1005.000000,19171115520.000000
2021-10-26,17330.000000,16800.000000,17015.000000,17320.000000,37390.000000,10221306368.000000,3.070000,0.350000,60.000000,10221306368.000000
2021-10-27,17620.000000,17010.000000,17320.000000,17495.000000,43558.000000,12106837504.000000,3.570000,2.400000,410.000000,12106837504.000000
2021-10-28,17670.000000,16895.000000,17495.000000,17385.000000,51569.000000,14289658624.000000,4.460000,0.090000,15.000000,14289658624.000000
2021-10-29,17530.000000,16675.000000,17405.000000,16705.000000,51114.000000,13903908608.000000,4.940000,-3.520000,-610.000000,13903908608.000000
2021-11-01,16885.000000,15850.000000,16880.000000,15885.000000,47734.000000,12402955008.000000,6.090000,-6.560000,-1115.000000,12402955008.000000
2021-11-02,16320.000000,15610.000000,15880.000000,16205.000000,50577.000000,12922204160.000000,4.370000,-0.180000,-30.000000,12922204160.000000
2021-11-03,16450.000000,16100.000000,16200.000000,16245.000000,36497.000000,9511674112.000000,2.190000,1.750000,280.000000,9511674112.000000
2021-11-04,16750.000000,16010.000000,16315.000000,16705.000000,40277.000000,10547608832.000000,4.540000,2.580000,420.000000,10547608832.000000
2021-11-05,16830.000000,16410.000000,16715.000000,16675.000000,37604.000000,10004612864.000000,2.570000,1.890000,310.000000,10004612864.000000
2021-11-08,17020.000000,16165.000000,16760.000000,16245.000000,39676.000000,10462090496.000000,5.140000,-2.290000,-380.000000,10462090496.000000
2021-11-09,16385.000000,15910.000000,16300.000000,16155.000000,34026.000000,8777737472.000000,2.880000,-1.970000,-325.000000,8777737472.000000
2021-11-10,16320.000000,15940.000000,16150.000000,16200.000000,26583.000000,6865725696.000000,2.360000,0.500000,80.000000,6865725696.000000
2021-11-11,16230.000000,15900.000000,16230.000000,15915.000000,24250.000000,6240302848.000000,2.040000,-1.390000,-225.000000,6240302848.000000
2021-11-12,16255.000000,15760.000000,15860.000000,16250.000000,30026.000000,7721221632.000000,3.080000,1.060000,170.000000,7721221632.000000
2021-11-15,16830.000000,16440.000000,16500.000000,16725.000000,31345.000000,8343657216.000000,2.430000,4.080000,655.000000,8343657216.000000
2021-11-16,16850.000000,16240.000000,16730.000000,16280.000000,30581.000000,8098329600.000000,3.670000,-2.130000,-355.000000,8098329600.000000
2021-11-17,16300.000000,16050.000000,16205.000000,16095.000000,21230.000000,5487507456.000000,1.510000,-2.750000,-455.000000,5487507456.000000
2021-11-18,16300.000000,16030.000000,16085.000000,16240.000000,18355.000000,4753257984.000000,1.670000,0.560000,90.000000,4753257984.000000
2021-11-19,16490.000000,16205.000000,16240.000000,16490.000000,17521.000000,4582311936.000000,1.760000,1.880000,305.000000,4582311936.000000
2021-11-22,16625.000000,16155.000000,16600.000000,16200.000000,23242.000000,6080514560.000000,2.880000,-0.890000,-145.000000,6080514560.000000
2021-11-23,16450.000000,16205.000000,16220.000000,16315.000000,17576.000000,4594148608.000000,1.500000,-0.210000,-35.000000,4594148608.000000
2021-11-24,16570.000000,16360.000000,16390.000000,16560.000000,18666.000000,4916943616.000000,1.290000,1.380000,225.000000,4916943616.000000
2021-11-25,16850.000000,16560.000000,16605.000000,16820.000000,22494.000000,6022621696.000000,1.760000,2.190000,360.000000,6022621696.000000
2021-11-26,16950.000000,16580.000000,16825.000000,16725.000000,20809.000000,5576987136.000000,2.210000,-0.030000,-5.000000,5576987136.000000
2021-11-29,16400.000000,16050.000000,16400.000000,16080.000000,28993.000000,7489404672.000000,2.090000,-4.000000,-670.000000,7489404672.000000
2021-11-30,16255.000000,15890.000000,16000.000000,16105.000000,18912.000000,4885835264.000000,2.260000,-0.220000,-35.000000,4885835264.000000
2021-12-01,16320.000000,16105.000000,16195.000000,16215.000000,12229.000000,3170417040.000000,1.330000,0.430000,70.000000,3170417040.000000
2021-12-02,16190.000000,15650.000000,16190.000000,15685.000000,21062.000000,5365767168.000000,3.330000,-3.180000,-515.000000,5365767168.000000
2021-12-03,15840.000000,15390.000000,15695.000000,15455.000000,19387.000000,4837017600.000000,2.830000,-2.920000,-465.000000,4837017600.000000
2021-12-06,15590.000000,15115.000000,15440.000000,15220.000000,21534.000000,5275684352.000000,3.050000,-2.370000,-370.000000,5275684352.000000
2021-12-07,15340.000000,14895.000000,15195.000000,14965.000000,18745.000000,4535420928.000000,2.910000,-2.250000,-345.000000,4535420928.000000
2021-12-08,15040.000000,14560.000000,14965.000000,14680.000000,18608.000000,4381044992.000000,3.170000,-2.910000,-440.000000,4381044992.000000
2021-12-09,14960.000000,14565.000000,14680.000000,14775.000000,17800.000000,4209194800.000000,2.690000,0.440000,65.000000,4209194800.000000
2021-12-10,14950.000000,14585.000000,14775.000000,14870.000000,17536.000000,4143567760.000000,2.470000,0.640000,95.000000,4143567760.000000
2021-12-13,14475.000000,13925.000000,14090.000000,14410.000000,23575.000000,5395207424.000000,3.730000,-2.400000,-355.000000,5395207424.000000
2021-12-14,14550.000000,14190.000000,14350.000000,14260.000000,20307.000000,4662694912.000000,2.520000,-0.280000,-40.000000,4662694912.000000
2021-12-15,14420.000000,14225.000000,14300.000000,14300.000000,14225.000000,3263165680.000000,1.360000,-0.350000,-50.000000,3263165680.000000
2021-12-16,14450.000000,14300.000000,14395.000000,14350.000000,12449.000000,2863189680.000000,1.050000,0.100000,15.000000,2863189680.000000
2021-12-17,14480.000000,14015.000000,14340.000000,14190.000000,21390.000000,4890467328.000000,3.240000,-1.250000,-180.000000,4890467328.000000
2021-12-20,14215.000000,14045.000000,14150.000000,14045.000000,14486.000000,3273834800.000000,1.190000,-1.680000,-240.000000,3273834800.000000
2021-12-21,14320.000000,13920.000000,14000.000000,14220.000000,16932.000000,3846504480.000000,2.830000,0.710000,100.000000,3846504480.000000
2021-12-22,14300.000000,14050.000000,14250.000000,14075.000000,11639.000000,2634386400.000000,1.760000,-0.850000,-120.000000,2634386400.000000
2021-12-23,14520.000000,14070.000000,14100.000000,14500.000000,24112.000000,5520320768.000000,3.180000,2.510000,355.000000,5520320768.000000
2021-12-24,14760.000000,14440.000000,14550.000000,14580.000000,24574.000000,5732861696.000000,2.240000,1.920000,275.000000,5732861696.000000
2021-12-27,14860.000000,14460.000000,14620.000000,14490.000000,22492.000000,5264391680.000000,2.740000,-0.620000,-90.000000,5264391680.000000
2021-12-28,14675.000000,14350.000000,14550.000000,14605.000000,20389.000000,4738061312.000000,2.220000,-0.140000,-20.000000,4738061312.000000
2021-12-29,14660.000000,14495.000000,14650.000000,14535.000000,9845.000000,2292238960.000000,1.140000,0.100000,15.000000,2292238960.000000
2021-12-30,14600.000000,14380.000000,14535.000000,14445.000000,15559.000000,3608202640.000000,1.510000,-0.720000,-105.000000,3608202640.000000
2021-12-31,14555.000000,14350.000000,14450.000000,14450.000000,12474.000000,2886723440.000000,1.410000,-0.280000,-40.000000,2886723440.000000
2022-01-04,14425.000000,14140.000000,14320.000000,14165.000000,18689.000000,4260522560.000000,1.970000,-2.040000,-295.000000,4260522560.000000
2022-01-05,14360.000000,14120.000000,14165.000000,14245.000000,18262.000000,4165574560.000000,1.680000,0.000000,0.000000,4165574560.000000
2022-01-06,14310.000000,14050.000000,14250.000000,14075.000000,16827.000000,3811988160.000000,1.820000,-1.260000,-180.000000,3811988160.000000
2022-01-07,14180.000000,13850.000000,14150.000000,13915.000000,18113.000000,4063966720.000000,2.330000,-1.700000,-240.000000,4063966720.000000
2022-01-10,13785.000000,13400.000000,13670.000000,13510.000000,28893.000000,6304120320.000000,2.750000,-3.640000,-510.000000,6304120320.000000
2022-01-11,13740.000000,13425.000000,13480.000000,13665.000000,20745.000000,4522973696.000000,2.310000,0.220000,30.000000,4522973696.000000
2022-01-12,13900.000000,13680.000000,13690.000000,13755.000000,21571.000000,4760044032.000000,1.610000,0.950000,130.000000,4760044032.000000
2022-01-13,13845.000000,13660.000000,13760.000000,13710.000000,14680.000000,3232275360.000000,1.340000,-0.580000,-80.000000,3232275360.000000
2022-01-14,13870.000000,13580.000000,13660.000000,13760.000000,14417.000000,3179754800.000000,2.110000,0.000000,0.000000,3179754800.000000
2022-01-17,13975.000000,13735.000000,13785.000000,13790.000000,16885.000000,3740241600.000000,1.740000,0.070000,10.000000,3740241600.000000
2022-01-18,13955.000000,13790.000000,13790.000000,13890.000000,14932.000000,3316679200.000000,1.190000,0.360000,50.000000,3316679200.000000
2022-01-19,14045.000000,13760.000000,13910.000000,13785.000000,14920.000000,3313888800.000000,2.050000,-0.680000,-95.000000,3313888800.000000
2022-01-20,13935.000000,13775.000000,13885.000000,13830.000000,12422.000000,2752547200.000000,1.150000,-0.360000,-50.000000,2752547200.000000
2022-01-21,13965.000000,13810.000000,13920.000000,13850.000000,12686.000000,2817406800.000000,1.120000,0.040000,5.000000,2817406800.000000
2022-01-24,13750.000000,13500.000000,13750.000000,13505.000000,21981.000000,4777024256.000000,1.800000,-2.700000,-375.000000,4777024256.000000
2022-01-25,13600.000000,13460.000000,13515.000000,13535.000000,13054.000000,2829899600.000000,1.030000,-0.330000,-45.000000,2829899600.000000
2022-01-26,13585.000000,13410.000000,13500.000000,13465.000000,11706.000000,2524653120.000000,1.290000,-0.590000,-80.000000,2524653120.000000
2022-01-27,13565.000000,13205.000000,13485.000000,13240.000000,18704.000000,4002836000.000000,2.670000,-1.740000,-235.000000,4002836000.000000
2022-01-28,13500.000000,13240.000000,13295.000000,13425.000000,17207.000000,3679441600.000000,1.940000,0.370000,50.000000,3679441600.000000
2022-02-07,13950.000000,13335.000000,13500.000000,13705.000000,17560.000000,3825643360.000000,4.600000,2.580000,345.000000,3825643360.000000
2022-02-08,14965.000000,14530.000000,14700.000000,14790.000000,26239.000000,6193167872.000000,3.200000,8.630000,1175.000000,6193167872.000000
2022-02-09,14885.000000,14560.000000,14760.000000,14575.000000,24518.000000,5781110272.000000,2.200000,-1.190000,-175.000000,5781110272.000000
2022-02-10,14700.000000,14370.000000,14575.000000,14630.000000,27590.000000,6416164096.000000,2.240000,-0.710000,-105.000000,6416164096.000000
2022-02-11,14850.000000,14505.000000,14575.000000,14715.000000,28195.000000,6633862144.000000,2.370000,1.270000,185.000000,6633862144.000000
2022-02-14,14805.000000,14400.000000,14700.000000,14485.000000,20949.000000,4889895680.000000,2.750000,-1.500000,-220.000000,4889895680.000000
2022-02-15,14485.000000,14155.000000,14430.000000,14175.000000,28734.000000,6568262656.000000,2.260000,-2.810000,-410.000000,6568262656.000000
2022-02-16,14425.000000,14115.000000,14175.000000,14355.000000,21485.000000,4915060224.000000,2.170000,0.490000,70.000000,4915060224.000000
2022-02-17,14480.000000,14290.000000,14380.000000,14340.000000,18614.000000,4287310720.000000,1.330000,0.310000,45.000000,4287310720.000000
2022-02-18,14400.000000,14165.000000,14365.000000,14190.000000,20468.000000,4670334720.000000,1.630000,-1.420000,-205.000000,4670334720.000000
2022-02-21,14320.000000,13925.000000,14210.000000,13950.000000,23861.000000,5403611392.000000,2.770000,-2.170000,-310.000000,5403611392.000000
2022-02-22,14015.000000,13780.000000,13965.000000,13835.000000,28584.000000,6338121728.000000,1.660000,-2.230000,-315.000000,6338121728.000000
2022-02-23,14115.000000,13835.000000,13835.000000,13950.000000,25383.000000,5685548288.000000,2.020000,0.690000,95.000000,5685548288.000000
2022-02-24,14200.000000,13885.000000,13950.000000,14195.000000,27066.000000,6091802368.000000,2.250000,1.430000,200.000000,6091802368.000000
2022-02-25,14330.000000,14080.000000,14150.000000,14260.000000,24518.000000,5576248064.000000,1.780000,1.390000,195.000000,5576248064.000000
2022-02-28,14500.000000,14180.000000,14300.000000,14275.000000,25939.000000,5937049344.000000,2.250000,0.460000,65.000000,5937049344.000000
2022-03-01,14450.000000,14040.000000,14350.000000,14080.000000,28428.000000,6465172224.000000,2.870000,-1.570000,-225.000000,6465172224.000000
2022-03-02,14285.000000,14085.000000,14150.000000,14135.000000,22511.000000,5107803904.000000,1.410000,-0.530000,-75.000000,5107803904.000000
2022-03-03,14185.000000,13860.000000,14180.000000,13870.000000,25758.000000,5763265280.000000,2.290000,-2.190000,-310.000000,5763265280.000000
2022-03-04,14000.000000,13790.000000,13880.000000,13890.000000,22408.000000,4986884608.000000,1.500000,-0.640000,-90.000000,4986884608.000000
2022-03-07,13795.000000,13375.000000,13795.000000,13385.000000,35747.000000,7773065728.000000,3.020000,-3.740000,-520.000000,7773065728.000000
2022-03-08,13545.000000,13210.000000,13530.000000,13290.000000,31406.000000,6704355072.000000,2.470000,-2.210000,-300.000000,6704355072.000000
2022-03-09,13580.000000,13295.000000,13315.000000,13420.000000,30923.000000,6644821760.000000,2.140000,0.600000,80.000000,6644821760.000000
2022-03-10,13620.000000,13310.000000,13430.000000,13320.000000,33698.000000,7266112256.000000,2.310000,-0.820000,-110.000000,7266112256.000000
2022-03-11,13390.000000,13080.000000,13295.000000,13130.000000,33532.000000,7086011392.000000,2.300000,-2.560000,-345.000000,7086011392.000000
2022-03-14,13110.000000,12810.000000,13010.000000,12840.000000,30182.000000,6244569088.000000,2.270000,-2.760000,-365.000000,6244569088.000000
2022-03-15,12960.000000,12720.000000,12815.000000,12810.000000,31237.000000,6408249344.000000,1.860000,-0.930000,-120.000000,6408249344.000000
2022-03-16,12910.000000,12595.000000,12810.000000,12625.000000,30118.000000,6141958912.000000,2.460000,-1.520000,-195.000000,6141958912.000000
2022-03-17,12660.000000,12530.000000,12600.000000,12630.000000,22007.000000,4435603200.000000,1.020000,-0.900000,-115.000000,4435603200.000000
2022-03-18,12830.000000,12590.000000,12620.000000,12650.000000,31340.000000,6377841408.000000,1.910000,0.440000,55.000000,6377841408.000000
2022-03-21,13170.000000,12720.000000,12750.000000,13115.000000,40824.000000,8439080960.000000,3.540000,3.150000,400.000000,8439080960.000000
2022-03-22,13235.000000,12900.000000,13200.000000,12935.000000,35765.000000,7448650752.000000,2.590000,0.150000,20.000000,7448650752.000000
2022-03-23,13010.000000,12800.000000,12950.000000,12805.000000,25398.000000,5233533184.000000,1.610000,-1.610000,-210.000000,5233533184.000000
2022-03-24,12945.000000,12760.000000,12820.000000,12850.000000,23774.000000,4897990656.000000,1.440000,-0.190000,-25.000000,4897990656.000000
2022-03-25,12935.000000,12625.000000,12880.000000,12705.000000,28669.000000,5839840256.000000,2.410000,-1.320000,-170.000000,5839840256.000000
2022-03-28,12730.000000,12565.000000,12670.000000,12645.000000,21362.000000,4317761280.000000,1.300000,-0.670000,-85.000000,4317761280.000000
2022-03-29,13060.000000,12680.000000,12690.000000,12990.000000,41956.000000,8665044480.000000,3.010000,2.850000,360.000000,8665044480.000000
2022-03-30,13060.000000,12820.000000,13060.000000,12895.000000,27941.000000,5777394688.000000,1.860000,-0.080000,-10.000000,5777394688.000000
2022-03-31,13160.000000,12880.000000,12900.000000,13005.000000,33965.000000,7079860224.000000,2.170000,0.660000,85.000000,7079860224.000000
2022-04-01,13200.000000,12750.000000,13100.000000,12955.000000,28988.000000,6031941120.000000,3.450000,-0.540000,-70.000000,6031941120.000000
2022-04-06,13000.000000,12705.000000,12955.000000,12745.000000,16908.000000,3479428640.000000,2.270000,-2.000000,-260.000000,3479428640.000000
2022-04-07,12825.000000,12645.000000,12740.000000,12775.000000,14456.000000,2949959760.000000,1.400000,-0.660000,-85.000000,2949959760.000000
2022-04-08,12850.000000,12615.000000,12750.000000,12675.000000,15513.000000,3156964880.000000,1.840000,-0.590000,-75.000000,3156964880.000000
2022-04-11,12750.000000,12360.000000,12650.000000,12525.000000,19852.000000,3977728240.000000,3.070000,-1.490000,-190.000000,3977728240.000000
2022-04-12,12780.000000,12540.000000,12540.000000,12695.000000,17876.000000,3618260240.000000,1.920000,1.400000,175.000000,3618260240.000000
2022-04-13,12790.000000,12635.000000,12750.000000,12750.000000,12932.000000,2631281120.000000,1.230000,0.790000,100.000000,2631281120.000000
2022-04-14,12850.000000,12615.000000,12800.000000,12695.000000,12157.000000,2472253120.000000,1.850000,-0.160000,-20.000000,2472253120.000000
2022-04-15,12765.000000,12630.000000,12700.000000,12660.000000,13153.000000,2673481680.000000,1.060000,-0.390000,-50.000000,2673481680.000000
2022-04-18,13580.000000,12900.000000,12900.000000,13400.000000,29707.000000,6234474496.000000,5.350000,5.510000,700.000000,6234474496.000000
2022-04-19,18320.000000,17920.000000,18000.000000,18030.000000,39349.000000,11397658880.000000,3.050000,37.480000,4915.000000,11397658880.000000
2022-04-20,18440.000000,17750.000000,18100.000000,17855.000000,41929.000000,12141225728.000000,3.810000,-1.350000,-245.000000,12141225728.000000
2022-04-21,18080.000000,17650.000000,17750.000000,17800.000000,27425.000000,7846467840.000000,2.380000,-1.630000,-295.000000,7846467840.000000
2022-04-22,18080.000000,17605.000000,17730.000000,18030.000000,30225.000000,8632970240.000000,2.660000,0.840000,150.000000,8632970240.000000
2022-04-25,18680.000000,18195.000000,18500.000000,18430.000000,35802.000000,10545625600.000000,2.720000,3.250000,580.000000,10545625600.000000
2022-04-26,18475.000000,18135.000000,18460.000000,18330.000000,22579.000000,6604249088.000000,1.850000,-0.410000,-75.000000,6604249088.000000
2022-04-27,18650.000000,18205.000000,18290.000000,18575.000000,26951.000000,7974257152.000000,2.430000,1.610000,295.000000,7974257152.000000
2022-04-28,18615.000000,18245.000000,18575.000000,18420.000000,25392.000000,7484871680.000000,2.000000,-0.380000,-70.000000,7484871680.000000
2022-04-29,18700.000000,18280.000000,18390.000000,18555.000000,26503.000000,7847385344.000000,2.280000,0.730000,135.000000,7847385344.000000
2022-05-05,18625.000000,18200.000000,18390.000000,18395.000000,25392.000000,7497666048.000000,2.300000,-0.590000,-110.000000,7497666048.000000
2022-05-06,18495.000000,18270.000000,18370.000000,18485.000000,15400.000000,4538522368.000000,1.220000,0.190000,35.000000,4538522368.000000
2022-05-09,19240.000000,18715.000000,18715.000000,19155.000000,38583.000000,11697472000.000000,2.850000,4.020000,740.000000,11697472000.000000
2022-05-10,19135.000000,18820.000000,19100.000000,18955.000000,24869.000000,7547481600.000000,1.660000,0.050000,10.000000,7547481600.000000
2022-05-11,19380.000000,18950.000000,18955.000000,19320.000000,25027.000000,7705022720.000000,2.270000,1.870000,355.000000,7705022720.000000
2022-05-12,19480.000000,19215.000000,19380.000000,19335.000000,21104.000000,6533030144.000000,1.380000,0.490000,95.000000,6533030144.000000
2022-05-13,19795.000000,19350.000000,19355.000000,19720.000000,27789.000000,8725572096.000000,2.300000,1.940000,375.000000,8725572096.000000
2022-05-16,19850.000000,19600.000000,19725.000000,19790.000000,19728.000000,6230834176.000000,1.270000,0.870000,170.000000,6230834176.000000
2022-05-17,19915.000000,18780.000000,19800.000000,18820.000000,56378.000000,17368207616.000000,5.750000,-4.640000,-915.000000,17368207616.000000
2022-05-18,19135.000000,18720.000000,18970.000000,18980.000000,29728.000000,9016837376.000000,2.160000,-1.400000,-270.000000,9016837376.000000
2022-05-19,19280.000000,18840.000000,19000.000000,19065.000000,26289.000000,8034433792.000000,2.320000,0.580000,110.000000,8034433792.000000
2022-05-20,19180.000000,18910.000000,19000.000000,19065.000000,16988.000000,5176352768.000000,1.410000,-0.180000,-35.000000,5176352768.000000
2022-05-23,19280.000000,19050.000000,19100.000000,19095.000000,15016.000000,4602752768.000000,1.210000,0.290000,55.000000,4602752768.000000
2022-05-24,19165.000000,18800.000000,19100.000000,19065.000000,18736.000000,5687896320.000000,1.910000,-0.470000,-90.000000,5687896320.000000
2022-05-25,19235.000000,19050.000000,19145.000000,19125.000000,12413.000000,3800479760.000000,0.980000,0.820000,155.000000,3800479760.000000
2022-05-26,19130.000000,18550.000000,19065.000000,18670.000000,22168.000000,6688646912.000000,3.030000,-2.430000,-465.000000,6688646912.000000
2022-05-27,18825.000000,18530.000000,18675.000000,18735.000000,19682.000000,5887193600.000000,1.560000,-0.640000,-120.000000,5887193600.000000
2022-05-30,18945.000000,18450.000000,18730.000000,18875.000000,21524.000000,6425696256.000000,2.650000,0.990000,185.000000,6425696256.000000
2022-05-31,19100.000000,18740.000000,18875.000000,19080.000000,21343.000000,6466359296.000000,1.930000,2.280000,425.000000,6466359296.000000
2022-06-01,19085.000000,18860.000000,19050.000000,18950.000000,12910.000000,3915418000.000000,1.190000,0.080000,15.000000,3915418000.000000
2022-06-02,19080.000000,18760.000000,18950.000000,19020.000000,16737.000000,5060712192.000000,1.690000,0.340000,65.000000,5060712192.000000
2022-06-06,19335.000000,18960.000000,19000.000000,19250.000000,17749.000000,5442468864.000000,1.980000,1.880000,355.000000,5442468864.000000
2022-06-07,19300.000000,18600.000000,19250.000000,18695.000000,24723.000000,7501164800.000000,3.650000,-2.430000,-465.000000,7501164800.000000
2022-06-08,18855.000000,18605.000000,18700.000000,18700.000000,17178.000000,5145781504.000000,1.320000,-1.370000,-260.000000,5145781504.000000
2022-06-09,18825.000000,18640.000000,18680.000000,18725.000000,11583.000000,3473164640.000000,0.990000,0.030000,5.000000,3473164640.000000
2022-06-10,18795.000000,18460.000000,18735.000000,18700.000000,21063.000000,6272049408.000000,1.790000,-0.210000,-40.000000,6272049408.000000
2022-06-13,19300.000000,19000.000000,19010.000000,19195.000000,28731.000000,8814985216.000000,1.610000,3.140000,585.000000,8814985216.000000
2022-06-14,19465.000000,19060.000000,19205.000000,19425.000000,22965.000000,7082879232.000000,2.110000,1.300000,250.000000,7082879232.000000
2022-06-15,19500.000000,19270.000000,19355.000000,19390.000000,16640.000000,5162251520.000000,1.190000,0.600000,115.000000,5162251520.000000
2022-06-16,19390.000000,19230.000000,19365.000000,19330.000000,12897.000000,3985732160.000000,0.830000,-0.280000,-55.000000,3985732160.000000
2022-06-17,19650.000000,19230.000000,19295.000000,19585.000000,22034.000000,6858077696.000000,2.170000,1.400000,270.000000,6858077696.000000
2022-06-20,19835.000000,19565.000000,19635.000000,19760.000000,20194.000000,6376447488.000000,1.390000,1.590000,310.000000,6376447488.000000
2022-06-21,19970.000000,19600.000000,19835.000000,19725.000000,19883.000000,6288120320.000000,1.880000,-0.030000,-5.000000,6288120320.000000
2022-06-22,19955.000000,19215.000000,19790.000000,19370.000000,33795.000000,10599717888.000000,3.740000,-2.000000,-395.000000,10599717888.000000
2022-06-23,19850.000000,19260.000000,19395.000000,19770.000000,24482.000000,7644450048.000000,3.010000,0.870000,170.000000,7644450048.000000
2022-06-24,19795.000000,19585.000000,19740.000000,19675.000000,16438.000000,5178616576.000000,1.080000,0.820000,160.000000,5178616576.000000
2022-06-27,20845.000000,19960.000000,19985.000000,20650.000000,40984.000000,13424518144.000000,4.500000,4.900000,965.000000,13424518144.000000
2022-06-28,20970.000000,20460.000000,20800.000000,20515.000000,31596.000000,10492327424.000000,2.490000,0.220000,45.000000,10492327424.000000
2022-06-29,20780.000000,20405.000000,20700.000000,20660.000000,23235.000000,7664108288.000000,1.810000,-0.430000,-90.000000,7664108288.000000
2022-06-30,20950.000000,20630.000000,20710.000000,20830.000000,18040.000000,6005232128.000000,1.550000,1.040000,215.000000,6005232128.000000
2022-07-01,21380.000000,20570.000000,20830.000000,21375.000000,33971.000000,11454278912.000000,3.890000,2.740000,570.000000,11454278912.000000
2022-07-04,22755.000000,21590.000000,21870.000000,22695.000000,71428.000000,25433120256.000000,5.530000,7.710000,1625.000000,25433120256.000000
2022-07-05,22680.000000,21900.000000,22355.000000,22215.000000,52926.000000,18862314496.000000,3.510000,-0.160000,-35.000000,18862314496.000000
2022-07-06,21860.000000,20970.000000,21650.000000,21220.000000,59946.000000,20462321152.000000,4.000000,-4.710000,-1050.000000,20462321152.000000
2022-07-07,22135.000000,21090.000000,21120.000000,21995.000000,47475.000000,16536471296.000000,4.900000,3.120000,665.000000,16536471296.000000
2022-07-08,22995.000000,22085.000000,22095.000000,22940.000000,52806.000000,19155489792.000000,4.180000,5.400000,1175.000000,19155489792.000000
2022-07-11,22860.000000,21880.000000,22500.000000,22705.000000,52054.000000,18631787776.000000,4.320000,0.150000,35.000000,18631787776.000000
2022-07-12,23290.000000,22380.000000,22800.000000,22665.000000,47780.000000,17473683968.000000,4.070000,1.320000,295.000000,17473683968.000000
2022-07-13,22915.000000,22280.000000,22500.000000,22685.000000,30919.000000,11201297664.000000,2.780000,-0.740000,-170.000000,11201297664.000000
2022-07-14,22785.000000,22085.000000,22600.000000,22300.000000,40700.000000,14625149696.000000,3.090000,-1.500000,-340.000000,14625149696.000000
2022-07-15,22180.000000,21100.000000,22180.000000,21160.000000,42130.000000,14579920640.000000,4.810000,-5.770000,-1295.000000,14579920640.000000
2022-07-18,21815.000000,21290.000000,21500.000000,21715.000000,30344.000000,10481029632.000000,2.430000,0.420000,90.000000,10481029632.000000
2022-07-19,21890.000000,21310.000000,21780.000000,21550.000000,22490.000000,7746985728.000000,2.690000,-0.160000,-35.000000,7746985728.000000
2022-07-20,21500.000000,20850.000000,21500.000000,21105.000000,31306.000000,10618972160.000000,3.020000,-1.950000,-420.000000,10618972160.000000
2022-07-21,21160.000000,20505.000000,21000.000000,20555.000000,28113.000000,9356911360.000000,3.090000,-3.020000,-640.000000,9356911360.000000
2022-07-22,20990.000000,20510.000000,20600.000000,20970.000000,23839.000000,7920749568.000000,2.310000,0.820000,170.000000,7920749568.000000
2022-07-25,20500.000000,20130.000000,20500.000000,20200.000000,24642.000000,8005105152.000000,1.780000,-2.720000,-565.000000,8005105152.000000
2022-07-26,20550.000000,19965.000000,20030.000000,20270.000000,20372.000000,6616407808.000000,2.880000,-0.150000,-30.000000,6616407808.000000
2022-07-27,20755.000000,20025.000000,20140.000000,20685.000000,21752.000000,7107553280.000000,3.600000,1.920000,390.000000,7107553280.000000
2022-07-28,21215.000000,20655.000000,20655.000000,20925.000000,22559.000000,7577072896.000000,2.740000,2.470000,505.000000,7577072896.000000
2022-07-29,21390.000000,20740.000000,21035.000000,21000.000000,20578.000000,6932133888.000000,3.100000,0.050000,10.000000,6932133888.000000
2022-08-01,21220.000000,20660.000000,21000.000000,20810.000000,17184.000000,5752839936.000000,2.660000,-1.140000,-240.000000,5752839936.000000
2022-08-02,20970.000000,20600.000000,20750.000000,20810.000000,11810.000000,3929359440.000000,1.770000,-0.530000,-110.000000,3929359440.000000
2022-08-03,20785.000000,20420.000000,20660.000000,20530.000000,11549.000000,3806758320.000000,1.760000,-1.250000,-260.000000,3806758320.000000
2022-08-04,20595.000000,20320.000000,20495.000000,20505.000000,8944.000000,2925809040.000000,1.330000,-0.460000,-95.000000,2925809040.000000
2022-08-05,20685.000000,20385.000000,20555.000000,20480.000000,7431.000000,2440383600.000000,1.470000,0.170000,35.000000,2440383600.000000
2022-08-08,22450.000000,21800.000000,22270.000000,21800.000000,20614.000000,7280209408.000000,3.170000,6.210000,1275.000000,7280209408.000000
2022-08-09,22140.000000,21420.000000,21820.000000,21950.000000,22221.000000,7704200960.000000,3.260000,-0.540000,-120.000000,7704200960.000000
2022-08-10,21915.000000,21605.000000,21915.000000,21745.000000,11515.000000,4011484240.000000,1.430000,0.370000,80.000000,4011484240.000000
2022-08-11,21955.000000,21635.000000,21745.000000,21730.000000,11245.000000,3917336000.000000,1.470000,-0.180000,-40.000000,3917336000.000000
2022-08-12,21890.000000,21555.000000,21655.000000,21790.000000,12116.000000,4210146480.000000,1.540000,0.090000,20.000000,4210146480.000000
2022-08-15,22370.000000,21705.000000,21705.000000,22235.000000,18927.000000,6711470592.000000,3.060000,2.390000,520.000000,6711470592.000000
2022-08-16,22660.000000,22155.000000,22300.000000,22565.000000,18246.000000,6546508032.000000,2.280000,1.830000,405.000000,6546508032.000000
2022-08-17,22750.000000,22450.000000,22600.000000,22515.000000,16102.000000,5818746624.000000,1.340000,0.420000,95.000000,5818746624.000000
2022-08-18,22685.000000,22400.000000,22590.000000,22555.000000,10597.000000,3822924640.000000,1.260000,-0.130000,-30.000000,3822924640.000000
2022-08-19,22880.000000,22435.000000,22500.000000,22785.000000,17709.000000,6426958080.000000,1.970000,1.060000,240.000000,6426958080.000000
2022-08-22,23350.000000,22835.000000,22980.000000,23305.000000,22504.000000,8335060992.000000,2.270000,2.760000,625.000000,8335060992.000000
2022-08-23,23500.000000,23210.000000,23360.000000,23360.000000,16787.000000,6272004352.000000,1.250000,0.930000,215.000000,6272004352.000000
2022-08-24,23480.000000,23110.000000,23330.000000,23265.000000,16941.000000,6313576704.000000,1.580000,-0.360000,-85.000000,6313576704.000000
2022-08-25,23720.000000,23230.000000,23290.000000,23710.000000,19689.000000,7418962176.000000,2.100000,1.800000,420.000000,7418962176.000000
2022-08-26,23810.000000,23530.000000,23700.000000,23810.000000,15012.000000,5689163776.000000,1.190000,1.100000,260.000000,5689163776.000000
2022-08-29,23970.000000,22805.000000,23825.000000,23590.000000,28365.000000,10662276096.000000,4.920000,-0.400000,-95.000000,10662276096.000000
2022-08-30,23600.000000,23305.000000,23450.000000,23585.000000,17570.000000,6589667840.000000,1.260000,0.400000,95.000000,6589667840.000000
2022-08-31,23660.000000,23330.000000,23585.000000,23340.000000,15043.000000,5649957376.000000,1.410000,-0.430000,-100.000000,5649957376.000000
2022-09-01,23490.000000,23120.000000,23355.000000,23285.000000,16467.000000,6142909952.000000,1.580000,-0.790000,-185.000000,6142909952.000000
2022-09-02,23360.000000,22880.000000,23200.000000,23025.000000,19790.000000,7310417664.000000,2.060000,-1.240000,-290.000000,7310417664.000000
2022-09-05,23645.000000,23150.000000,23270.000000,23380.000000,20580.000000,7708085248.000000,2.140000,1.280000,295.000000,7708085248.000000
2022-09-06,23475.000000,23020.000000,23380.000000,23030.000000,14723.000000,5463627520.000000,1.940000,-1.600000,-375.000000,5463627520.000000
2022-09-07,23375.000000,22645.000000,23000.000000,23350.000000,20753.000000,7662716416.000000,3.150000,0.690000,160.000000,7662716416.000000
2022-09-08,23395.000000,22930.000000,23360.000000,22940.000000,16022.000000,5929470208.000000,2.020000,-0.590000,-135.000000,5929470208.000000
2022-09-09,23150.000000,22890.000000,23000.000000,23090.000000,12792.000000,4715232256.000000,1.120000,-0.170000,-40.000000,4715232256.000000
2022-09-13,23540.000000,23200.000000,23305.000000,23315.000000,16636.000000,6215825408.000000,1.480000,1.220000,280.000000,6215825408.000000
2022-09-14,23475.000000,23240.000000,23275.000000,23370.000000,10542.000000,3940720560.000000,1.010000,0.090000,20.000000,3940720560.000000
2022-09-15,23440.000000,23080.000000,23400.000000,23290.000000,14373.000000,5344699136.000000,1.540000,-0.300000,-70.000000,5344699136.000000
2022-09-16,23580.000000,23280.000000,23290.000000,23395.000000,19720.000000,7401056256.000000,1.290000,0.670000,155.000000,7401056256.000000
2022-09-19,23620.000000,23300.000000,23535.000000,23400.000000,14354.000000,5386884352.000000,1.360000,-0.230000,-55.000000,5386884352.000000
2022-09-20,23450.000000,22715.000000,23385.000000,22745.000000,25298.000000,9315908096.000000,3.130000,-3.030000,-710.000000,9315908096.000000
2022-09-21,22910.000000,22520.000000,22745.000000,22625.000000,17523.000000,6361852928.000000,1.690000,-1.690000,-390.000000,6361852928.000000
2022-09-22,22855.000000,22160.000000,22650.000000,22165.000000,23115.000000,8329634048.000000,3.060000,-2.310000,-525.000000,8329634048.000000
2022-09-23,22380.000000,22015.000000,22195.000000,22305.000000,21480.000000,7637869312.000000,1.620000,-0.950000,-215.000000,7637869312.000000
2022-09-26,22250.000000,21635.000000,22220.000000,21795.000000,20144.000000,7057266944.000000,2.770000,-1.910000,-425.000000,7057266944.000000
2022-09-27,22445.000000,21670.000000,21820.000000,22410.000000,22419.000000,7919528448.000000,3.540000,2.350000,515.000000,7919528448.000000
2022-09-28,22480.000000,22135.000000,22420.000000,22400.000000,14569.000000,5200036864.000000,1.560000,1.470000,325.000000,5200036864.000000
2022-09-29,22500.000000,22175.000000,22495.000000,22350.000000,11696.000000,4178614640.000000,1.460000,0.200000,45.000000,4178614640.000000
2022-09-30,22620.000000,22220.000000,22340.000000,22590.000000,14017.000000,5030474496.000000,1.790000,1.190000,265.000000,5030474496.000000
2022-10-10,23950.000000,23275.000000,23650.000000,23765.000000,28955.000000,10939994368.000000,3.010000,5.950000,1335.000000,10939994368.000000
2022-10-11,23835.000000,23460.000000,23800.000000,23785.000000,18219.000000,6900908544.000000,1.590000,0.740000,175.000000,6900908544.000000
2022-10-12,24150.000000,23750.000000,23820.000000,23935.000000,25980.000000,9952402944.000000,1.690000,1.120000,265.000000,9952402944.000000
2022-10-13,24060.000000,23820.000000,24050.000000,23975.000000,11228.000000,4297747456.000000,1.000000,0.150000,35.000000,4297747456.000000
2022-10-14,24300.000000,23555.000000,24100.000000,23880.000000,24427.000000,9332476160.000000,3.110000,-0.170000,-40.000000,9332476160.000000
2022-10-17,23830.000000,23350.000000,23430.000000,23780.000000,21206.000000,8015490816.000000,2.010000,-0.400000,-95.000000,8015490816.000000
2022-10-18,24050.000000,23730.000000,23830.000000,24045.000000,17945.000000,6869179904.000000,1.350000,1.800000,425.000000,6869179904.000000
2022-10-19,24020.000000,23550.000000,24000.000000,23590.000000,23023.000000,8742537216.000000,1.960000,-1.380000,-330.000000,8742537216.000000
2022-10-20,23680.000000,23125.000000,23480.000000,23350.000000,20544.000000,7706179328.000000,2.340000,-1.600000,-380.000000,7706179328.000000
2022-10-21,23500.000000,23200.000000,23320.000000,23435.000000,14810.000000,5537344000.000000,1.280000,-0.020000,-5.000000,5537344000.000000
2022-10-24,23205.000000,22505.000000,23105.000000,22520.000000,27906.000000,10195961344.000000,3.000000,-3.620000,-845.000000,10195961344.000000
2022-10-25,22995.000000,22420.000000,22500.000000,22980.000000,23226.000000,8447008512.000000,2.520000,0.630000,145.000000,8447008512.000000
2022-10-26,22895.000000,22390.000000,22800.000000,22410.000000,22316.000000,8090554880.000000,2.220000,-1.410000,-320.000000,8090554880.000000
2022-10-27,22625.000000,22180.000000,22550.000000,22370.000000,18421.000000,6597494784.000000,1.960000,-1.260000,-285.000000,6597494784.000000
2022-10-28,22330.000000,21810.000000,22290.000000,21910.000000,22796.000000,8021953280.000000,2.320000,-2.100000,-470.000000,8021953280.000000
2022-10-31,22460.000000,21640.000000,22230.000000,21870.000000,30556.000000,10797530112.000000,3.730000,-0.550000,-120.000000,10797530112.000000
2022-11-01,22000.000000,21430.000000,21800.000000,21655.000000,26586.000000,9246959104.000000,2.580000,-1.950000,-430.000000,9246959104.000000
2022-11-02,22340.000000,21530.000000,21655.000000,22290.000000,26772.000000,9420638976.000000,3.730000,2.550000,555.000000,9420638976.000000
2022-11-03,22270.000000,21825.000000,22250.000000,21975.000000,19291.000000,6792890624.000000,2.020000,-0.070000,-15.000000,6792890624.000000
2022-11-04,22495.000000,21955.000000,21975.000000,22200.000000,25159.000000,8944659712.000000,2.450000,0.890000,195.000000,8944659712.000000
2022-11-07,22300.000000,21910.000000,22090.000000,22275.000000,15959.000000,5653460992.000000,1.760000,0.250000,55.000000,5653460992.000000
2022-11-08,22230.000000,21500.000000,22230.000000,21500.000000,29194.000000,10184949248.000000,3.300000,-2.890000,-640.000000,10184949248.000000
2022-11-09,21420.000000,21125.000000,21300.000000,21215.000000,26610.000000,9049976832.000000,1.350000,-2.680000,-585.000000,9049976832.000000
2022-11-10,21680.000000,21025.000000,21500.000000,21155.000000,23797.000000,8106811392.000000,3.080000,-0.470000,-100.000000,8106811392.000000
2022-11-11,21670.000000,21180.000000,21240.000000,21540.000000,25323.000000,8677016832.000000,2.300000,1.170000,250.000000,8677016832.000000
2022-11-14,21740.000000,21360.000000,21710.000000,21590.000000,19229.000000,6633945088.000000,1.770000,0.820000,175.000000,6633945088.000000
2022-11-15,21800.000000,21425.000000,21545.000000,21790.000000,17978.000000,6231394048.000000,1.740000,1.070000,230.000000,6231394048.000000
2022-11-16,21790.000000,21400.000000,21710.000000,21755.000000,24175.000000,8363415040.000000,1.800000,0.440000,95.000000,8363415040.000000
2022-11-17,21900.000000,21500.000000,21790.000000,21605.000000,16547.000000,5735485184.000000,1.850000,-0.070000,-15.000000,5735485184.000000
2022-11-18,21720.000000,21300.000000,21500.000000,21365.000000,16168.000000,5557915648.000000,1.940000,-1.360000,-295.000000,5557915648.000000
2022-11-21,21270.000000,20805.000000,21150.000000,20900.000000,21319.000000,7176520192.000000,2.160000,-2.720000,-585.000000,7176520192.000000
2022-11-22,21055.000000,20765.000000,20915.000000,20895.000000,14601.000000,4887006208.000000,1.380000,-0.670000,-140.000000,4887006208.000000
2022-11-23,20675.000000,20150.000000,20590.000000,20195.000000,29270.000000,9553012736.000000,2.510000,-3.440000,-720.000000,9553012736.000000
2022-11-24,20395.000000,20055.000000,20150.000000,20305.000000,21231.000000,6876175104.000000,1.670000,-0.440000,-90.000000,6876175104.000000
2022-11-25,20485.000000,20150.000000,20440.000000,20305.000000,18781.000000,6109061632.000000,1.660000,0.320000,65.000000,6109061632.000000
2022-11-28,20770.000000,20360.000000,20455.000000,20645.000000,23200.000000,7635843840.000000,2.020000,1.570000,320.000000,7635843840.000000
2022-11-29,20740.000000,20360.000000,20700.000000,20515.000000,16068.000000,5277469184.000000,1.850000,-0.270000,-55.000000,5277469184.000000
2022-11-30,20570.000000,20405.000000,20490.000000,20485.000000,10792.000000,3537294480.000000,0.800000,-0.190000,-40.000000,3537294480.000000
2022-12-01,20845.000000,20425.000000,20450.000000,20795.000000,16393.000000,5427443200.000000,2.050000,1.510000,310.000000,5427443200.000000
2022-12-02,21435.000000,20720.000000,20775.000000,21365.000000,21665.000000,7310797568.000000,3.460000,3.260000,675.000000,7310797568.000000
2022-12-05,21260.000000,20855.000000,21005.000000,21055.000000,17595.000000,5927205376.000000,1.920000,-0.170000,-35.000000,5927205376.000000
2022-12-06,21065.000000,20835.000000,20900.000000,20990.000000,10551.000000,3538198080.000000,1.090000,-0.290000,-60.000000,3538198080.000000
2022-12-07,20900.000000,20130.000000,20900.000000,20155.000000,23716.000000,7748824064.000000,3.670000,-3.820000,-800.000000,7748824064.000000
2022-12-08,19900.000000,19130.000000,19890.000000,19160.000000,27137.000000,8460510208.000000,3.770000,-6.170000,-1260.000000,8460510208.000000
2022-12-09,19470.000000,18865.000000,19355.000000,19000.000000,25150.000000,7711127552.000000,3.100000,-2.490000,-485.000000,7711127552.000000
2022-12-12,18155.000000,17650.000000,17650.000000,17895.000000,26357.000000,7579392768.000000,2.640000,-6.600000,-1265.000000,7579392768.000000
2022-12-13,18300.000000,17530.000000,18200.000000,17745.000000,23949.000000,6883387136.000000,4.280000,-1.250000,-225.000000,6883387136.000000
2022-12-14,17905.000000,17600.000000,17600.000000,17860.000000,12017.000000,3417304960.000000,1.700000,-0.560000,-100.000000,3417304960.000000
2022-12-15,16775.000000,16360.000000,16590.000000,16640.000000,20620.000000,5471160320.000000,2.340000,-6.360000,-1130.000000,5471160320.000000
2022-12-16,16545.000000,15830.000000,16500.000000,15895.000000,34087.000000,8752016128.000000,4.310000,-4.130000,-685.000000,8752016128.000000
2022-12-19,15980.000000,15410.000000,15800.000000,15470.000000,35027.000000,8754376448.000000,3.550000,-3.580000,-575.000000,8754376448.000000
2022-12-20,15880.000000,15355.000000,15355.000000,15735.000000,32585.000000,8183547904.000000,3.360000,0.740000,115.000000,8183547904.000000
2022-12-21,16055.000000,15520.000000,15740.000000,16000.000000,35488.000000,8967720960.000000,3.410000,1.940000,305.000000,8967720960.000000
2022-12-22,16470.000000,15825.000000,16050.000000,16420.000000,35820.000000,9276970752.000000,4.080000,3.990000,630.000000,9276970752.000000
2022-12-23,16430.000000,15850.000000,16290.000000,15900.000000,34899.000000,8996231424.000000,3.580000,-1.760000,-285.000000,8996231424.000000
2022-12-26,17000.000000,16515.000000,16575.000000,16930.000000,41854.000000,11254491904.000000,3.010000,5.090000,820.000000,11254491904.000000
2022-12-27,16885.000000,16635.000000,16760.000000,16810.000000,27773.000000,7449104640.000000,1.490000,0.030000,5.000000,7449104640.000000
2022-12-28,16910.000000,16600.000000,16650.000000,16765.000000,19365.000000,5198641664.000000,1.850000,0.030000,5.000000,5198641664.000000
2022-12-29,16720.000000,16225.000000,16705.000000,16300.000000,28783.000000,7553315072.000000,2.950000,-2.830000,-475.000000,7553315072.000000
2022-12-30,16365.000000,15830.000000,16000.000000,16145.000000,23524.000000,6087199488.000000,3.260000,-1.550000,-255.000000,6087199488.000000
2023-01-03,15815.000000,15385.000000,15390.000000,15615.000000,27889.000000,6981113088.000000,2.660000,-3.430000,-555.000000,6981113088.000000
2023-01-04,15850.000000,15560.000000,15620.000000,15720.000000,21770.000000,5467200000.000000,1.850000,0.510000,80.000000,5467200000.000000
2023-01-05,16045.000000,15600.000000,15600.000000,15890.000000,24073.000000,6112339456.000000,2.840000,1.240000,195.000000,6112339456.000000
2023-01-06,15980.000000,15565.000000,15950.000000,15780.000000,24816.000000,6255383552.000000,2.620000,-0.540000,-85.000000,6255383552.000000
2023-01-09,16065.000000,15580.000000,15780.000000,15760.000000,21156.000000,5333809920.000000,3.080000,0.060000,10.000000,5333809920.000000
2023-01-10,15850.000000,15365.000000,15700.000000,15400.000000,25853.000000,6458432256.000000,3.080000,-2.250000,-355.000000,6458432256.000000
2023-01-11,15400.000000,14830.000000,15210.000000,14870.000000,37237.000000,9007492608.000000,3.650000,-4.740000,-740.000000,9007492608.000000
2023-01-12,14995.000000,14735.000000,14835.000000,14795.000000,27067.000000,6430689536.000000,1.720000,-2.120000,-320.000000,6430689536.000000
2023-01-13,15115.000000,14775.000000,14850.000000,14820.000000,27544.000000,6578223360.000000,2.290000,-0.170000,-25.000000,6578223360.000000
2023-01-16,15250.000000,15010.000000,15065.000000,15180.000000,26233.000000,6363691776.000000,1.610000,1.710000,255.000000,6363691776.000000
2023-01-17,15285.000000,14905.000000,15140.000000,14975.000000,24833.000000,5980001024.000000,2.510000,-1.220000,-185.000000,5980001024.000000
2023-01-18,15115.000000,14965.000000,15045.000000,15050.000000,17156.000000,4132909360.000000,1.000000,0.000000,0.000000,4132909360.000000
2023-01-19,15190.000000,14830.000000,15190.000000,14970.000000,18152.000000,4350004224.000000,2.390000,-0.560000,-85.000000,4350004224.000000
2023-01-20,15395.000000,14960.000000,14975.000000,15255.000000,25525.000000,6211531264.000000,2.900000,1.870000,280.000000,6211531264.000000
2023-01-30,14650.000000,14270.000000,14500.000000,14415.000000,28863.000000,6704449280.000000,2.500000,-5.200000,-790.000000,6704449280.000000
2023-01-31,14600.000000,14365.000000,14400.000000,14555.000000,23359.000000,5428276736.000000,1.620000,0.280000,40.000000,5428276736.000000
2023-02-01,14670.000000,14400.000000,14580.000000,14495.000000,15111.000000,3505485920.000000,1.860000,-0.170000,-25.000000,3505485920.000000
2023-02-02,14655.000000,14415.000000,14495.000000,14460.000000,17394.000000,4046441200.000000,1.660000,-0.240000,-35.000000,4046441200.000000
2023-02-03,14415.000000,14035.000000,14405.000000,14070.000000,21184.000000,4799065856.000000,2.610000,-3.200000,-465.000000,4799065856.000000
2023-02-06,14600.000000,14170.000000,14300.000000,14540.000000,23963.000000,5510142464.000000,3.040000,2.720000,385.000000,5510142464.000000
2023-02-07,14635.000000,14430.000000,14510.000000,14450.000000,16434.000000,3821144160.000000,1.430000,0.560000,80.000000,3821144160.000000
2023-02-08,14505.000000,14275.000000,14385.000000,14325.000000,12880.000000,2962020640.000000,1.580000,-1.410000,-205.000000,2962020640.000000
2023-02-09,14520.000000,14225.000000,14325.000000,14420.000000,14689.000000,3377121360.000000,2.050000,0.350000,50.000000,3377121360.000000
2023-02-10,14545.000000,14265.000000,14440.000000,14385.000000,13721.000000,3165567440.000000,1.950000,0.140000,20.000000,3165567440.000000
2023-02-13,17000.000000,16620.000000,16680.000000,16980.000000,25238.000000,6808134400.000000,2.640000,17.790000,2565.000000,6808134400.000000
2023-02-14,17095.000000,16820.000000,16980.000000,16880.000000,19147.000000,5193730304.000000,1.630000,0.150000,25.000000,5193730304.000000
2023-02-15,17030.000000,16840.000000,17000.000000,16975.000000,13917.000000,3772604800.000000,1.120000,0.150000,25.000000,3772604800.000000
2023-02-16,17245.000000,16900.000000,16920.000000,17215.000000,20038.000000,5490277632.000000,2.040000,1.620000,275.000000,5490277632.000000
2023-02-17,17515.000000,17130.000000,17195.000000,17510.000000,25799.000000,7139960320.000000,2.250000,2.280000,390.000000,7139960320.000000