2015-04-20,2524.000000,2524.000000,2524.000000,2524.000000,1.000000,126200.000000,0.000000,0.000000,0.000000,126200.000000
2015-04-21,2451.000000,2451.000000,2451.000000,2451.000000,1.000000,122550.000000,0.000000,-2.890000,-73.000000,122550.000000
2015-04-23,2619.000000,2501.000000,2580.000000,2619.000000,6.000000,768300.000000,4.810000,6.850000,168.000000,768300.000000
2015-04-29,2660.000000,2610.000000,2610.000000,2660.000000,2.000000,263500.000000,1.950000,3.870000,99.000000,263500.000000
2015-05-11,2433.000000,2433.000000,2433.000000,2433.000000,1.000000,121650.000000,0.000000,-8.530000,-227.000000,121650.000000
2015-05-12,2531.000000,2342.000000,2489.000000,2531.000000,6.000000,733800.000000,7.770000,4.030000,98.000000,733800.000000
2015-05-13,2538.000000,2414.000000,2414.000000,2496.000000,7.000000,864850.000000,4.900000,-1.380000,-35.000000,864850.000000
2015-05-14,2452.000000,2452.000000,2452.000000,2452.000000,1.000000,122600.000000,0.000000,-0.770000,-19.000000,122600.000000
2015-05-15,2446.000000,2446.000000,2446.000000,2446.000000,1.000000,122300.000000,0.000000,-0.240000,-6.000000,122300.000000
2015-05-19,2544.000000,2462.000000,2518.000000,2494.000000,4.000000,501000.000000,3.350000,1.960000,48.000000,501000.000000
2015-05-27,2494.000000,2402.000000,2402.000000,2494.000000,2.000000,244800.000000,3.670000,-0.440000,-11.000000,244800.000000
2015-05-28,2546.000000,2546.000000,2546.000000,2546.000000,1.000000,127300.000000,0.000000,2.090000,52.000000,127300.000000
2015-06-10,2735.000000,2735.000000,2735.000000,2735.000000,1.000000,136750.000000,0.000000,7.420000,189.000000,136750.000000
2015-06-12,2835.000000,2700.000000,2772.000000,2715.000000,10.000000,1372000.000000,4.940000,-0.730000,-20.000000,1372000.000000
2015-06-19,2634.000000,2634.000000,2634.000000,2634.000000,4.000000,526800.000000,0.000000,-4.010000,-110.000000,526800.000000
2015-06-24,2699.000000,2670.000000,2670.000000,2699.000000,2.000000,268500.000000,1.100000,2.470000,65.000000,268500.000000
2015-06-25,2704.000000,2581.000000,2704.000000,2581.000000,2.000000,264300.000000,4.580000,-3.870000,-104.000000,264300.000000
2015-06-30,2725.000000,2722.000000,2724.000000,2722.000000,7.000000,953400.000000,0.120000,5.460000,141.000000,953400.000000
2015-07-01,2739.000000,2739.000000,2739.000000,2739.000000,1.000000,136950.000000,0.000000,0.620000,17.000000,136950.000000
2015-07-03,2765.000000,2680.000000,2765.000000,2681.000000,6.000000,811500.000000,3.100000,-2.120000,-58.000000,811500.000000
2015-07-06,2638.000000,2637.000000,2637.000000,2638.000000,3.000000,395550.000000,0.040000,-2.480000,-67.000000,395550.000000
2015-07-08,2493.000000,2476.000000,2493.000000,2476.000000,5.000000,619750.000000,0.640000,-6.140000,-162.000000,619750.000000
2015-07-09,2500.000000,2480.000000,2480.000000,2500.000000,2.000000,249000.000000,0.810000,0.850000,21.000000,249000.000000
2015-07-24,2582.000000,2408.000000,2582.000000,2408.000000,2.000000,249500.000000,6.990000,-3.290000,-82.000000,249500.000000
2015-08-05,2449.000000,2399.000000,2449.000000,2399.000000,2.000000,242400.000000,2.000000,-3.850000,-96.000000,242400.000000
2015-08-11,2472.000000,2377.000000,2455.000000,2385.000000,4.000000,484400.000000,3.920000,-1.610000,-39.000000,484400.000000
2015-08-13,2460.000000,2337.000000,2460.000000,2337.000000,2.000000,239900.000000,5.080000,-3.510000,-85.000000,239900.000000
2015-08-26,2400.000000,2400.000000,2400.000000,2400.000000,1.000000,120000.000000,0.000000,0.040000,1.000000,120000.000000
2015-09-02,2501.000000,2381.000000,2501.000000,2381.000000,2.000000,244100.000000,5.000000,-0.790000,-19.000000,244100.000000
2015-09-07,2443.000000,2421.000000,2421.000000,2421.000000,1.000000,121050.000000,0.920000,1.680000,40.000000,121050.000000
2015-09-15,2360.000000,2359.000000,2360.000000,2359.000000,2.000000,236000.000000,0.040000,-2.560000,-62.000000,236000.000000
2015-09-16,2414.000000,2356.000000,2412.000000,2356.000000,4.000000,477000.000000,2.460000,-0.170000,-4.000000,477000.000000
2015-09-30,2383.000000,2383.000000,2383.000000,2383.000000,1.000000,119150.000000,0.000000,-0.080000,-2.000000,119150.000000
2015-10-14,2389.000000,2389.000000,2389.000000,2389.000000,1.000000,119450.000000,0.000000,0.250000,6.000000,119450.000000
2015-10-15,2479.000000,2361.000000,2400.000000,2379.000000,8.000000,962800.000000,4.940000,-0.420000,-10.000000,962800.000000
2015-10-20,2366.000000,2366.000000,2366.000000,2366.000000,1.000000,118300.000000,0.000000,-0.550000,-13.000000,118300.000000
2015-10-21,2333.000000,2271.000000,2271.000000,2333.000000,3.000000,346350.000000,2.620000,-1.390000,-33.000000,346350.000000
2015-10-22,2357.000000,2352.000000,2352.000000,2357.000000,2.000000,235500.000000,0.210000,1.030000,24.000000,235500.000000
2015-10-26,2386.000000,2361.000000,2361.000000,2386.000000,2.000000,237400.000000,1.060000,1.230000,29.000000,237400.000000
2015-10-27,2428.000000,2428.000000,2428.000000,2428.000000,1.000000,121400.000000,0.000000,1.760000,42.000000,121400.000000
2015-10-28,2339.000000,2339.000000,2339.000000,2339.000000,1.000000,116950.000000,0.000000,-3.670000,-89.000000,116950.000000
2015-11-02,2366.000000,2366.000000,2366.000000,2366.000000,3.000000,354900.000000,0.000000,1.150000,27.000000,354900.000000
2015-11-03,2374.000000,2367.000000,2367.000000,2374.000000,8.000000,948800.000000,0.300000,0.340000,8.000000,948800.000000
2015-11-04,2398.000000,2351.000000,2366.000000,2351.000000,3.000000,355800.000000,1.980000,-0.970000,-23.000000,355800.000000
2015-11-05,2320.000000,2308.000000,2320.000000,2308.000000,3.000000,346800.000000,0.510000,-2.700000,-64.000000,346800.000000
2015-11-06,2370.000000,2365.000000,2370.000000,2365.000000,2.000000,236800.000000,0.220000,2.290000,53.000000,236800.000000
2015-11-09,2349.000000,2349.000000,2349.000000,2349.000000,1.000000,117450.000000,0.000000,-0.800000,-19.000000,117450.000000
2015-11-25,2366.000000,2353.000000,2353.000000,2366.000000,3.000000,354150.000000,0.550000,0.720000,17.000000,354150.000000
2015-11-26,2379.000000,2379.000000,2379.000000,2379.000000,1.000000,118950.000000,0.000000,0.550000,13.000000,118950.000000
2015-11-27,2413.000000,2379.000000,2379.000000,2413.000000,4.000000,480600.000000,1.430000,1.430000,34.000000,480600.000000
2015-12-01,2410.000000,2410.000000,2410.000000,2410.000000,4.000000,482000.000000,0.000000,-0.120000,-3.000000,482000.000000
2015-12-02,2419.000000,2410.000000,2410.000000,2410.000000,23.000000,2776100.000000,0.370000,0.000000,0.000000,2776100.000000
2015-12-03,2410.000000,2410.000000,2410.000000,2410.000000,2.000000,241000.000000,0.000000,0.000000,0.000000,241000.000000
2015-12-07,2460.000000,2337.000000,2410.000000,2459.000000,25.000000,3040000.000000,5.100000,2.030000,49.000000,3040000.000000
2015-12-08,2450.000000,2450.000000,2450.000000,2450.000000,17.000000,2082500.000000,0.000000,-0.370000,-9.000000,2082500.000000
2015-12-09,2450.000000,2450.000000,2450.000000,2450.000000,2.000000,245000.000000,0.000000,0.000000,0.000000,245000.000000
2015-12-10,2480.000000,2475.000000,2475.000000,2480.000000,6.000000,743100.000000,0.200000,1.220000,30.000000,743100.000000
2015-12-11,2540.000000,2520.000000,2520.000000,2540.000000,2.000000,253000.000000,0.810000,2.420000,60.000000,253000.000000
2015-12-14,2600.000000,2596.000000,2599.000000,2596.000000,12.000000,1558800.000000,0.160000,2.610000,66.000000,1558800.000000
2015-12-15,2650.000000,2596.000000,2650.000000,2596.000000,6.000000,784200.000000,2.080000,-0.080000,-2.000000,784200.000000
2015-12-16,2629.000000,2596.000000,2596.000000,2629.000000,6.000000,784800.000000,1.260000,0.570000,15.000000,784800.000000
2015-12-17,2615.000000,2615.000000,2615.000000,2615.000000,3.000000,392250.000000,0.000000,-0.040000,-1.000000,392250.000000
2015-12-18,2615.000000,2615.000000,2615.000000,2615.000000,3.000000,392250.000000,0.000000,0.000000,0.000000,392250.000000
2015-12-21,2615.000000,2615.000000,2615.000000,2615.000000,8.000000,1046000.000000,0.000000,0.000000,0.000000,1046000.000000
2015-12-22,2720.000000,2615.000000,2615.000000,2719.000000,225.000000,30228750.000000,4.020000,3.980000,104.000000,30228750.000000
2015-12-23,2690.000000,2579.000000,2690.000000,2582.000000,81.000000,10768950.000000,4.080000,-5.040000,-137.000000,10768950.000000
2015-12-24,2474.000000,2472.000000,2473.000000,2472.000000,40.000000,4944000.000000,0.080000,-7.030000,-187.000000,4944000.000000
2015-12-25,2353.000000,2242.000000,2242.000000,2320.000000,360.000000,40770000.000000,4.490000,-6.150000,-152.000000,40770000.000000
2015-12-28,2329.000000,2310.000000,2329.000000,2320.000000,4.000000,464000.000000,0.820000,0.000000,0.000000,464000.000000
2016-01-04,2350.000000,2350.000000,2350.000000,2350.000000,7.000000,822500.000000,0.000000,1.290000,30.000000,822500.000000
2016-02-15,2514.000000,2514.000000,2514.000000,2514.000000,1.000000,125700.000000,0.000000,6.980000,164.000000,125700.000000
2016-03-09,2543.000000,2543.000000,2543.000000,2543.000000,1.000000,127150.000000,0.000000,5.740000,138.000000,127150.000000
2016-04-12,2605.000000,2605.000000,2605.000000,2605.000000,1.000000,130250.000000,0.000000,2.440000,62.000000,130250.000000
2016-04-21,2275.000000,2275.000000,2275.000000,2275.000000,1.000000,113750.000000,0.000000,-12.670000,-330.000000,113750.000000
2016-04-26,2700.000000,2699.000000,2700.000000,2699.000000,2.000000,270000.000000,0.040000,18.640000,424.000000,270000.000000
2016-04-27,2512.000000,2512.000000,2512.000000,2512.000000,1.000000,125600.000000,0.000000,-6.930000,-187.000000,125600.000000
2016-04-28,2416.000000,2416.000000,2416.000000,2416.000000,1.000000,120800.000000,0.000000,-3.820000,-96.000000,120800.000000
2016-05-03,2536.000000,2296.000000,2296.000000,2536.000000,8.000000,1002400.000000,9.930000,4.970000,120.000000,1002400.000000
2016-05-04,2442.000000,2442.000000,2442.000000,2442.000000,1.000000,122100.000000,0.000000,-2.550000,-64.000000,122100.000000
2016-05-05,2506.000000,2476.000000,2476.000000,2506.000000,3.000000,372900.000000,1.230000,2.620000,64.000000,372900.000000
2016-05-09,2510.000000,2386.000000,2460.000000,2400.000000,7.000000,849800.000000,4.950000,-4.230000,-106.000000,849800.000000
2016-05-18,2312.000000,2312.000000,2312.000000,2312.000000,1.000000,115600.000000,0.000000,-4.780000,-116.000000,115600.000000
2016-05-20,2269.000000,2247.000000,2247.000000,2269.000000,8.000000,903200.000000,0.950000,-1.860000,-43.000000,903200.000000
2016-05-23,2315.000000,2173.000000,2173.000000,2290.000000,4.000000,454600.000000,6.260000,0.930000,21.000000,454600.000000
2016-05-24,2345.000000,2309.000000,2309.000000,2345.000000,2.000000,232700.000000,1.570000,2.400000,55.000000,232700.000000
2016-05-25,2305.000000,2281.000000,2281.000000,2305.000000,2.000000,229300.000000,1.020000,-1.710000,-40.000000,229300.000000
2016-05-31,2289.000000,2289.000000,2289.000000,2289.000000,1.000000,114450.000000,0.000000,-0.170000,-4.000000,114450.000000
2016-06-03,2374.000000,2318.000000,2318.000000,2339.000000,5.000000,584500.000000,2.450000,2.180000,50.000000,584500.000000
2016-07-25,2362.000000,2362.000000,2362.000000,2362.000000,1.000000,118100.000000,0.000000,1.030000,24.000000,118100.000000
2016-07-27,2275.000000,2275.000000,2275.000000,2275.000000,1.000000,113750.000000,0.000000,-3.680000,-87.000000,113750.000000
2016-07-29,2405.000000,2222.000000,2222.000000,2314.000000,3.000000,347100.000000,8.040000,1.710000,39.000000,347100.000000
2016-08-03,2306.000000,2306.000000,2306.000000,2306.000000,1.000000,115300.000000,0.000000,-0.350000,-8.000000,115300.000000
2016-09-05,2356.000000,2356.000000,2356.000000,2356.000000,3.000000,353400.000000,0.000000,2.170000,50.000000,353400.000000
2016-09-20,2296.000000,2168.000000,2168.000000,2296.000000,2.000000,223200.000000,5.430000,-2.550000,-60.000000,223200.000000
2016-09-28,2322.000000,2158.000000,2158.000000,2322.000000,5.000000,561500.000000,7.140000,1.130000,26.000000,561500.000000
2016-10-14,2336.000000,2192.000000,2193.000000,2336.000000,4.000000,450800.000000,6.410000,4.010000,90.000000,450800.000000
2016-10-17,2345.000000,2250.000000,2250.000000,2345.000000,2.000000,229800.000000,4.210000,4.040000,91.000000,229800.000000
2016-10-20,2411.000000,2411.000000,2411.000000,2411.000000,1.000000,120550.000000,0.000000,4.920000,113.000000,120550.000000
2016-11-04,2450.000000,2402.000000,2450.000000,2402.000000,3.000000,362700.000000,1.990000,-0.370000,-9.000000,362700.000000
2016-11-18,2511.000000,2332.000000,2511.000000,2389.000000,6.000000,723300.000000,7.400000,-1.200000,-29.000000,723300.000000
2016-12-02,2460.000000,2460.000000,2460.000000,2460.000000,1.000000,123000.000000,0.000000,2.030000,49.000000,123000.000000
2017-01-03,2770.000000,2770.000000,2770.000000,2770.000000,2.000000,277000.000000,0.000000,12.600000,310.000000,277000.000000
2017-01-05,2454.000000,2454.000000,2454.000000,2454.000000,1.000000,122700.000000,0.000000,-11.410000,-316.000000,122700.000000
2017-02-23,2552.000000,2357.000000,2552.000000,2357.000000,2.000000,245500.000000,7.950000,-3.950000,-97.000000,245500.000000
2017-02-24,2445.000000,2445.000000,2445.000000,2445.000000,1.000000,122250.000000,0.000000,-0.410000,-10.000000,122250.000000
2017-02-27,2479.000000,2479.000000,2479.000000,2479.000000,1.000000,123950.000000,0.000000,1.390000,34.000000,123950.000000
2017-03-02,2579.000000,2426.000000,2498.000000,2426.000000,4.000000,496600.000000,6.170000,-2.140000,-53.000000,496600.000000
2017-03-13,2462.000000,2389.000000,2389.000000,2462.000000,6.000000,727800.000000,2.940000,-0.850000,-21.000000,727800.000000
2017-03-14,2421.000000,2421.000000,2421.000000,2421.000000,1.000000,121050.000000,0.000000,-0.210000,-5.000000,121050.000000
2017-03-15,2431.000000,2431.000000,2431.000000,2431.000000,1.000000,121550.000000,0.000000,0.410000,10.000000,121550.000000
2017-04-06,2604.000000,2604.000000,2604.000000,2604.000000,1.000000,130200.000000,0.000000,7.120000,173.000000,130200.000000
2017-05-04,2417.000000,2417.000000,2417.000000,2417.000000,1.000000,120850.000000,0.000000,-7.180000,-187.000000,120850.000000
2017-05-22,2457.000000,2457.000000,2457.000000,2457.000000,1.000000,122850.000000,0.000000,1.650000,40.000000,122850.000000
2017-05-24,2369.000000,2361.000000,2361.000000,2369.000000,2.000000,236500.000000,0.330000,-3.580000,-88.000000,236500.000000
2017-06-09,2413.000000,2306.000000,2413.000000,2306.000000,3.000000,356550.000000,4.520000,-2.490000,-59.000000,356550.000000
2017-06-26,2406.000000,2282.000000,2406.000000,2282.000000,2.000000,234400.000000,5.220000,-4.000000,-95.000000,234400.000000
2017-07-05,2406.000000,2405.000000,2405.000000,2406.000000,2.000000,240600.000000,0.040000,2.650000,62.000000,240600.000000
2017-07-13,2472.000000,2472.000000,2472.000000,2472.000000,1.000000,123600.000000,0.000000,2.740000,66.000000,123600.000000
2017-07-31,2540.000000,2540.000000,2540.000000,2540.000000,1.000000,127000.000000,0.000000,2.750000,68.000000,127000.000000
2017-08-04,2472.000000,2472.000000,2472.000000,2472.000000,1.000000,123600.000000,0.000000,-2.680000,-68.000000,123600.000000
2017-08-14,2500.000000,2500.000000,2500.000000,2500.000000,1.000000,125000.000000,0.000000,1.130000,28.000000,125000.000000
2017-08-29,2550.000000,2550.000000,2550.000000,2550.000000,1.000000,127500.000000,0.000000,2.000000,50.000000,127500.000000
2017-09-01,2555.000000,2555.000000,2555.000000,2555.000000,1.000000,127750.000000,0.000000,0.200000,5.000000,127750.000000
2018-02-22,2624.000000,2478.000000,2478.000000,2624.000000,2.000000,255100.000000,5.710000,2.700000,69.000000,255100.000000
2018-02-23,2654.000000,2578.000000,2654.000000,2642.000000,3.000000,393750.000000,2.980000,3.570000,91.000000,393750.000000
2018-03-05,2520.000000,2520.000000,2520.000000,2520.000000,3.000000,378000.000000,0.000000,-4.000000,-105.000000,378000.000000
2018-04-09,2504.000000,2500.000000,2500.000000,2504.000000,2.000000,250200.000000,0.160000,-0.630000,-16.000000,250200.000000
2018-04-18,2558.000000,2402.000000,2558.000000,2402.000000,2.000000,248000.000000,6.240000,-4.000000,-100.000000,248000.000000
2018-04-26,2480.000000,2480.000000,2480.000000,2480.000000,2.000000,248000.000000,0.000000,0.000000,0.000000,248000.000000
2018-05-02,2214.000000,2214.000000,2214.000000,2214.000000,2.000000,221400.000000,0.000000,-10.730000,-266.000000,221400.000000
2018-05-15,2330.000000,2330.000000,2330.000000,2330.000000,1.000000,116500.000000,0.000000,5.240000,116.000000,116500.000000
2018-07-04,2445.000000,2444.000000,2444.000000,2445.000000,3.000000,366600.000000,0.040000,4.940000,115.000000,366600.000000
2018-07-23,2343.000000,2343.000000,2343.000000,2343.000000,1.000000,117150.000000,0.000000,-4.130000,-101.000000,117150.000000
2018-08-02,2435.000000,2270.000000,2434.000000,2270.000000,12.000000,1420200.000000,7.040000,-3.120000,-73.000000,1420200.000000
2018-08-03,2273.000000,2273.000000,2273.000000,2273.000000,1.000000,113650.000000,0.000000,-3.970000,-94.000000,113650.000000
2018-08-07,2490.000000,2410.000000,2410.000000,2490.000000,6.000000,731100.000000,3.520000,9.550000,217.000000,731100.000000
2018-08-09,2535.000000,2450.000000,2450.000000,2451.000000,7.000000,862050.000000,3.490000,0.570000,14.000000,862050.000000
2018-08-17,2463.000000,2415.000000,2417.000000,2463.000000,7.000000,853650.000000,1.950000,0.000000,0.000000,853650.000000
2018-08-20,2400.000000,2400.000000,2400.000000,2400.000000,2.000000,240000.000000,0.000000,-1.600000,-39.000000,240000.000000
2018-08-30,2390.000000,2311.000000,2311.000000,2380.000000,4.000000,473600.000000,3.290000,-0.830000,-20.000000,473600.000000
2018-09-03,2385.000000,2354.000000,2354.000000,2382.000000,3.000000,356100.000000,1.310000,0.590000,14.000000,356100.000000
2018-09-13,2361.000000,2345.000000,2345.000000,2361.000000,2.000000,235300.000000,0.670000,-0.550000,-13.000000,235300.000000
2018-10-09,2362.000000,2318.000000,2362.000000,2338.000000,15.000000,1752000.000000,1.870000,-0.640000,-15.000000,1752000.000000
2018-10-17,2407.000000,2407.000000,2407.000000,2407.000000,4.000000,481400.000000,0.000000,3.040000,71.000000,481400.000000
2018-10-24,2525.000000,2355.000000,2355.000000,2417.000000,6.000000,735600.000000,7.060000,0.420000,10.000000,735600.000000
2018-10-25,2430.000000,2402.000000,2429.000000,2402.000000,16.000000,1928000.000000,1.140000,-2.040000,-50.000000,1928000.000000
2018-10-30,2410.000000,2410.000000,2410.000000,2410.000000,1.000000,120500.000000,0.000000,0.000000,0.000000,120500.000000
2018-11-08,2400.000000,2400.000000,2400.000000,2400.000000,2.000000,240000.000000,0.000000,-0.410000,-10.000000,240000.000000
2018-11-22,2330.000000,2231.000000,2330.000000,2231.000000,2.000000,228100.000000,4.130000,-7.040000,-169.000000,228100.000000
2018-11-26,2369.000000,2278.000000,2304.000000,2278.000000,17.000000,1995800.000000,3.990000,-0.130000,-3.000000,1995800.000000
2018-12-05,2521.000000,2344.000000,2521.000000,2344.000000,9.000000,1088550.000000,7.540000,-0.170000,-4.000000,1088550.000000
2018-12-27,2217.000000,2216.000000,2216.000000,2217.000000,6.000000,665100.000000,0.040000,-8.350000,-202.000000,665100.000000
2019-01-09,2295.000000,2295.000000,2295.000000,2295.000000,1.000000,114750.000000,0.000000,3.520000,78.000000,114750.000000
2019-01-15,2202.000000,2202.000000,2202.000000,2202.000000,1.000000,110100.000000,0.000000,-4.050000,-93.000000,110100.000000
2019-01-16,2280.000000,2249.000000,2280.000000,2249.000000,2.000000,226500.000000,1.410000,2.130000,47.000000,226500.000000
2019-01-21,2266.000000,2266.000000,2266.000000,2266.000000,1.000000,113300.000000,0.000000,0.040000,1.000000,113300.000000
2019-04-10,2248.000000,2248.000000,2248.000000,2248.000000,1.000000,112400.000000,0.000000,-0.790000,-18.000000,112400.000000
2019-04-15,2158.000000,2158.000000,2158.000000,2158.000000,2.000000,215800.000000,0.000000,-4.000000,-90.000000,215800.000000
2019-04-23,2240.000000,2240.000000,2240.000000,2240.000000,5.000000,560000.000000,0.000000,3.800000,82.000000,560000.000000
2019-04-24,2160.000000,2160.000000,2160.000000,2160.000000,1.000000,108000.000000,0.000000,-3.570000,-80.000000,108000.000000
2019-05-09,2234.000000,2234.000000,2234.000000,2234.000000,5.000000,558500.000000,0.000000,3.430000,74.000000,558500.000000
2019-05-10,2278.000000,2278.000000,2278.000000,2278.000000,1.000000,113900.000000,0.000000,1.970000,44.000000,113900.000000
2019-05-16,2280.000000,2280.000000,2280.000000,2280.000000,4.000000,456000.000000,0.000000,0.090000,2.000000,456000.000000
2019-06-24,2220.000000,2220.000000,2220.000000,2220.000000,1.000000,111000.000000,0.000000,-2.630000,-60.000000,111000.000000
2019-07-01,2131.000000,2131.000000,2131.000000,2131.000000,2.000000,213100.000000,0.000000,-4.010000,-89.000000,213100.000000
2019-07-09,2220.000000,2220.000000,2220.000000,2220.000000,1.000000,111000.000000,0.000000,4.180000,89.000000,111000.000000
2019-08-06,2205.000000,2205.000000,2205.000000,2205.000000,1.000000,110250.000000,0.000000,-0.680000,-15.000000,110250.000000
2019-09-20,2230.000000,2230.000000,2230.000000,2230.000000,1.000000,111500.000000,0.000000,1.130000,25.000000,111500.000000
2020-01-15,2187.000000,2187.000000,2187.000000,2187.000000,1.000000,109350.000000,0.000000,-1.930000,-43.000000,109350.000000
2020-01-16,2151.000000,2151.000000,2151.000000,2151.000000,1.000000,107550.000000,0.000000,-1.650000,-36.000000,107550.000000
2020-01-22,2199.000000,2199.000000,2199.000000,2199.000000,1.000000,109950.000000,0.000000,2.230000,48.000000,109950.000000
2020-02-03,2353.000000,2156.000000,2156.000000,2353.000000,4.000000,460800.000000,8.960000,7.000000,154.000000,460800.000000
2020-02-04,2397.000000,2302.000000,2397.000000,2302.000000,5.000000,594250.000000,4.120000,-0.090000,-2.000000,594250.000000
2020-02-06,2395.000000,2318.000000,2339.000000,2334.000000,20.000000,2349000.000000,3.240000,-1.810000,-43.000000,2349000.000000
2020-02-07,2337.000000,2311.000000,2311.000000,2337.000000,2.000000,232400.000000,1.110000,-0.510000,-12.000000,232400.000000
2020-02-10,2325.000000,2288.000000,2325.000000,2288.000000,3.000000,346800.000000,1.590000,-1.550000,-36.000000,346800.000000
2020-02-11,2315.000000,2277.000000,2315.000000,2277.000000,2.000000,229600.000000,1.640000,-1.510000,-35.000000,229600.000000
2020-02-12,2309.000000,2279.000000,2309.000000,2279.000000,2.000000,229400.000000,1.310000,-0.740000,-17.000000,229400.000000
2020-02-13,2317.000000,2317.000000,2317.000000,2317.000000,1.000000,115850.000000,0.000000,1.000000,23.000000,115850.000000
2020-02-17,2400.000000,2314.000000,2400.000000,2316.000000,47.000000,5477850.000000,3.710000,-0.040000,-1.000000,5477850.000000
2020-02-18,2333.000000,2287.000000,2292.000000,2309.000000,27.000000,3129300.000000,1.970000,-0.940000,-22.000000,3129300.000000
2020-02-19,2313.000000,2309.000000,2309.000000,2313.000000,9.000000,1039500.000000,0.170000,-0.220000,-5.000000,1039500.000000
2020-02-21,2288.000000,2273.000000,2288.000000,2273.000000,4.000000,455400.000000,0.650000,-1.600000,-37.000000,455400.000000
2020-02-24,2272.000000,2192.000000,2192.000000,2251.000000,8.000000,898400.000000,3.510000,-1.140000,-26.000000,898400.000000
2020-02-27,2196.000000,2188.000000,2196.000000,2188.000000,3.000000,328950.000000,0.360000,-2.580000,-58.000000,328950.000000
2020-02-28,2255.000000,2251.000000,2251.000000,2255.000000,3.000000,337800.000000,0.180000,2.830000,62.000000,337800.000000
2020-03-02,2252.000000,2252.000000,2252.000000,2252.000000,1.000000,112600.000000,0.000000,0.000000,0.000000,112600.000000
2020-03-09,2199.000000,2199.000000,2199.000000,2199.000000,1.000000,109950.000000,0.000000,-2.350000,-53.000000,109950.000000
2020-03-17,2201.000000,2200.000000,2201.000000,2200.000000,4.000000,440000.000000,0.050000,0.050000,1.000000,440000.000000
2020-03-19,2200.000000,2200.000000,2200.000000,2200.000000,39.000000,4290000.000000,0.000000,0.000000,0.000000,4290000.000000
2020-03-23,2218.000000,2133.000000,2133.000000,2218.000000,10.000000,1095000.000000,3.860000,0.820000,18.000000,1095000.000000
2020-03-24,2257.000000,2235.000000,2257.000000,2255.000000,6.000000,675300.000000,1.000000,2.970000,65.000000,675300.000000
2020-03-25,2318.000000,2249.000000,2318.000000,2271.000000,7.000000,794500.000000,3.070000,0.890000,20.000000,794500.000000
2020-03-26,2343.000000,2215.000000,2215.000000,2343.000000,9.000000,1039050.000000,5.640000,3.220000,73.000000,1039050.000000
2020-03-27,2387.000000,2321.000000,2344.000000,2323.000000,21.000000,2462250.000000,2.860000,0.610000,14.000000,2462250.000000
2020-03-30,2400.000000,2352.000000,2366.000000,2353.000000,21.000000,2488500.000000,2.050000,0.340000,8.000000,2488500.000000
2020-03-31,2419.000000,2343.000000,2343.000000,2381.000000,14.000000,1666700.000000,3.210000,0.460000,11.000000,1666700.000000
2020-04-01,2399.000000,2351.000000,2389.000000,2353.000000,10.000000,1191500.000000,2.020000,-1.180000,-28.000000,1191500.000000
2020-04-02,2383.000000,2313.000000,2383.000000,2376.000000,13.000000,1539200.000000,2.940000,-0.290000,-7.000000,1539200.000000
2020-04-03,2331.000000,2311.000000,2311.000000,2321.000000,8.000000,928800.000000,0.840000,-1.980000,-47.000000,928800.000000
2020-04-09,2301.000000,2301.000000,2301.000000,2301.000000,1.000000,115050.000000,0.000000,-0.900000,-21.000000,115050.000000
2020-04-13,2367.000000,2275.000000,2275.000000,2367.000000,2.000000,232100.000000,4.000000,2.870000,66.000000,232100.000000
2020-04-15,2362.000000,2248.000000,2279.000000,2255.000000,28.000000,3190600.000000,4.910000,-2.840000,-66.000000,3190600.000000
2020-04-16,2274.000000,2262.000000,2274.000000,2263.000000,3.000000,339900.000000,0.530000,-0.700000,-16.000000,339900.000000
2020-04-17,2278.000000,2201.000000,2278.000000,2258.000000,31.000000,3465800.000000,3.400000,-0.350000,-8.000000,3465800.000000
2020-04-20,2236.000000,2218.000000,2236.000000,2218.000000,4.000000,444600.000000,0.810000,-0.810000,-18.000000,444600.000000
2020-04-21,2270.000000,2222.000000,2224.000000,2228.000000,22.000000,2465100.000000,2.160000,0.220000,5.000000,2465100.000000
2020-04-22,2258.000000,2219.000000,2258.000000,2219.000000,2.000000,223900.000000,1.740000,-0.980000,-22.000000,223900.000000
2020-04-23,2236.000000,2236.000000,2236.000000,2236.000000,2.000000,223600.000000,0.000000,-0.130000,-3.000000,223600.000000
2020-04-24,2236.000000,2236.000000,2236.000000,2236.000000,2.000000,223600.000000,0.000000,0.000000,0.000000,223600.000000
2020-04-27,2234.000000,2216.000000,2217.000000,2234.000000,3.000000,333300.000000,0.810000,-0.090000,-2.000000,333300.000000
2020-04-30,2223.000000,2223.000000,2223.000000,2223.000000,1.000000,111150.000000,0.000000,0.050000,1.000000,111150.000000
2020-05-06,2226.000000,2224.000000,2224.000000,2226.000000,3.000000,333750.000000,0.090000,0.130000,3.000000,333750.000000
2020-05-07,2240.000000,2240.000000,2240.000000,2240.000000,1.000000,112000.000000,0.000000,0.670000,15.000000,112000.000000
2020-05-08,2226.000000,2223.000000,2223.000000,2226.000000,3.000000,333750.000000,0.130000,-0.630000,-14.000000,333750.000000
2020-05-11,2226.000000,2226.000000,2226.000000,2226.000000,1.000000,111300.000000,0.000000,0.040000,1.000000,111300.000000
2020-05-12,2215.000000,2114.000000,2171.000000,2215.000000,10.000000,1083000.000000,4.540000,-0.490000,-11.000000,1083000.000000
2020-05-14,2220.000000,2211.000000,2220.000000,2211.000000,5.000000,553250.000000,0.420000,2.080000,45.000000,553250.000000
2020-05-15,2313.000000,2213.000000,2313.000000,2213.000000,3.000000,337500.000000,4.520000,0.000000,0.000000,337500.000000
2020-05-25,2228.000000,2227.000000,2227.000000,2228.000000,2.000000,222800.000000,0.040000,-0.980000,-22.000000,222800.000000
2020-05-26,2206.000000,2206.000000,2206.000000,2206.000000,1.000000,110300.000000,0.000000,-0.990000,-22.000000,110300.000000
2020-05-28,2180.000000,2169.000000,2169.000000,2180.000000,3.000000,325950.000000,0.500000,-1.180000,-26.000000,325950.000000
2020-06-01,2220.000000,2220.000000,2220.000000,2220.000000,2.000000,222000.000000,0.000000,2.160000,47.000000,222000.000000
2020-06-02,2180.000000,2180.000000,2180.000000,2180.000000,1.000000,109000.000000,0.000000,-1.800000,-40.000000,109000.000000
2020-06-05,2180.000000,2153.000000,2180.000000,2180.000000,4.000000,434600.000000,1.240000,0.000000,0.000000,434600.000000
2020-06-09,2169.000000,2169.000000,2169.000000,2169.000000,1.000000,108450.000000,0.000000,-0.180000,-4.000000,108450.000000
2020-06-10,2244.000000,2244.000000,2244.000000,2244.000000,1.000000,112200.000000,0.000000,3.460000,75.000000,112200.000000
2020-06-11,2183.000000,2170.000000,2170.000000,2183.000000,2.000000,217700.000000,0.580000,-2.720000,-61.000000,217700.000000
2020-06-15,2180.000000,2180.000000,2180.000000,2180.000000,1.000000,109000.000000,0.000000,0.140000,3.000000,109000.000000
2020-06-16,2181.000000,2181.000000,2181.000000,2181.000000,1.000000,109050.000000,0.000000,0.050000,1.000000,109050.000000
2020-06-18,2181.000000,2181.000000,2181.000000,2181.000000,1.000000,109050.000000,0.000000,0.000000,0.000000,109050.000000
2020-06-22,2200.000000,2182.000000,2200.000000,2200.000000,6.000000,658200.000000,0.830000,0.870000,19.000000,658200.000000
2020-06-23,2190.000000,2190.000000,2190.000000,2190.000000,3.000000,328500.000000,0.000000,-0.180000,-4.000000,328500.000000
2020-06-24,2190.000000,2190.000000,2190.000000,2190.000000,3.000000,328500.000000,0.000000,0.000000,0.000000,328500.000000
2020-06-29,2245.000000,2190.000000,2190.000000,2230.000000,5.000000,552250.000000,2.510000,1.830000,40.000000,552250.000000
2020-06-30,2191.000000,2190.000000,2191.000000,2190.000000,7.000000,766500.000000,0.050000,-0.860000,-19.000000,766500.000000
2020-07-14,2289.000000,2289.000000,2289.000000,2289.000000,25.000000,2861250.000000,0.000000,4.520000,99.000000,2861250.000000
2020-07-21,2391.000000,2270.000000,2391.000000,2372.000000,6.000000,699000.000000,5.290000,3.630000,83.000000,699000.000000
2020-07-22,2392.000000,2309.000000,2365.000000,2309.000000,10.000000,1186000.000000,3.560000,-0.900000,-21.000000,1186000.000000
2020-07-27,2405.000000,2289.000000,2289.000000,2390.000000,4.000000,474200.000000,4.890000,0.760000,18.000000,474200.000000
2020-07-30,2314.000000,2290.000000,2291.000000,2314.000000,7.000000,804650.000000,1.010000,-2.400000,-57.000000,804650.000000
2020-07-31,2389.000000,2279.000000,2279.000000,2279.000000,3.000000,347400.000000,4.780000,-0.870000,-20.000000,347400.000000
2020-08-14,2478.000000,2263.000000,2368.000000,2263.000000,6.000000,715200.000000,9.280000,-2.290000,-53.000000,715200.000000
2020-08-19,2407.000000,2393.000000,2394.000000,2407.000000,3.000000,359700.000000,0.590000,0.960000,23.000000,359700.000000
2020-08-21,2440.000000,2410.000000,2440.000000,2410.000000,3.000000,364500.000000,1.250000,0.500000,12.000000,364500.000000
2020-09-09,2408.000000,2408.000000,2408.000000,2408.000000,1.000000,120400.000000,0.000000,-0.910000,-22.000000,120400.000000
2020-09-14,2421.000000,2421.000000,2421.000000,2421.000000,1.000000,121050.000000,0.000000,0.540000,13.000000,121050.000000
2020-09-16,2419.000000,2419.000000,2419.000000,2419.000000,3.000000,362850.000000,0.000000,-0.080000,-2.000000,362850.000000
2020-10-20,2579.000000,2455.000000,2579.000000,2569.000000,3.000000,380100.000000,5.130000,6.200000,150.000000,380100.000000
2020-10-21,2653.000000,2501.000000,2647.000000,2501.000000,8.000000,1038000.000000,6.000000,-1.300000,-33.000000,1038000.000000
2020-10-23,2443.000000,2443.000000,2443.000000,2443.000000,1.000000,122150.000000,0.000000,-5.860000,-152.000000,122150.000000
2020-10-29,2371.000000,2371.000000,2371.000000,2371.000000,1.000000,118550.000000,0.000000,-2.950000,-72.000000,118550.000000
2020-11-03,2409.000000,2409.000000,2409.000000,2409.000000,1.000000,120450.000000,0.000000,1.600000,38.000000,120450.000000
2020-11-18,2319.000000,2319.000000,2319.000000,2319.000000,1.000000,115950.000000,0.000000,-3.740000,-90.000000,115950.000000
2020-11-30,2326.000000,2314.000000,2314.000000,2326.000000,3.000000,348300.000000,0.520000,0.300000,7.000000,348300.000000
2020-12-01,2339.000000,2338.000000,2338.000000,2339.000000,6.000000,701700.000000,0.040000,0.730000,17.000000,701700.000000
2020-12-10,2355.000000,2321.000000,2321.000000,2346.000000,3.000000,351150.000000,1.450000,0.300000,7.000000,351150.000000
2020-12-18,2438.000000,2301.000000,2301.000000,2382.000000,3.000000,356100.000000,5.850000,1.750000,41.000000,356100.000000
2020-12-22,2359.000000,2359.000000,2359.000000,2359.000000,1.000000,117950.000000,0.000000,-0.630000,-15.000000,117950.000000
2020-12-30,2366.000000,2366.000000,2366.000000,2366.000000,1.000000,118300.000000,0.000000,0.300000,7.000000,118300.000000
2021-01-04,2380.000000,2378.000000,2378.000000,2380.000000,2.000000,237900.000000,0.080000,0.590000,14.000000,237900.000000
2021-01-06,2497.000000,2497.000000,2497.000000,2497.000000,2.000000,249700.000000,0.000000,4.960000,118.000000,249700.000000
2021-01-07,2622.000000,2530.000000,2622.000000,2539.000000,23.000000,2971600.000000,3.680000,1.680000,42.000000,2971600.000000
2021-01-08,2631.000000,2480.000000,2481.000000,2550.000000,14.000000,1797600.000000,5.840000,-1.320000,-34.000000,1797600.000000
2021-01-11,2547.000000,2547.000000,2547.000000,2547.000000,1.000000,127350.000000,0.000000,-0.820000,-21.000000,127350.000000
2021-01-12,2532.000000,2529.000000,2530.000000,2530.000000,10.000000,1265500.000000,0.120000,-0.670000,-17.000000,1265500.000000
2021-01-13,2607.000000,2410.000000,2546.000000,2576.000000,9.000000,1130400.000000,7.780000,1.780000,45.000000,1130400.000000
2021-01-14,2597.000000,2576.000000,2597.000000,2576.000000,5.000000,648250.000000,0.840000,2.550000,64.000000,648250.000000
2021-01-18,2629.000000,2559.000000,2559.000000,2575.000000,6.000000,771900.000000,2.700000,-0.690000,-18.000000,771900.000000
2021-01-26,2568.000000,2448.000000,2540.000000,2448.000000,5.000000,631750.000000,4.660000,-4.860000,-125.000000,631750.000000
2021-01-27,2491.000000,2483.000000,2488.000000,2483.000000,7.000000,870450.000000,0.320000,-1.740000,-44.000000,870450.000000
2021-02-19,2553.000000,2553.000000,2553.000000,2553.000000,1.000000,127650.000000,0.000000,2.650000,66.000000,127650.000000
2021-02-23,2507.000000,2507.000000,2507.000000,2507.000000,2.000000,250700.000000,0.000000,-1.800000,-46.000000,250700.000000
2021-02-25,2520.000000,2519.000000,2519.000000,2520.000000,9.000000,1134000.000000,0.040000,0.520000,13.000000,1134000.000000
2021-03-02,2446.000000,2446.000000,2446.000000,2446.000000,1.000000,122300.000000,0.000000,-2.940000,-74.000000,122300.000000
2021-04-14,2512.000000,2480.000000,2480.000000,2512.000000,5.000000,626250.000000,1.310000,2.700000,66.000000,626250.000000
2021-04-26,2543.000000,2543.000000,2543.000000,2543.000000,1.000000,127150.000000,0.000000,1.520000,38.000000,127150.000000
2021-05-12,2557.000000,2524.000000,2557.000000,2524.000000,2.000000,254100.000000,1.300000,-0.750000,-19.000000,254100.000000
2021-05-25,2659.000000,2500.000000,2659.000000,2500.000000,6.000000,776700.000000,6.260000,-1.610000,-41.000000,776700.000000
2021-06-01,2687.000000,2460.000000,2460.000000,2578.000000,5.000000,641750.000000,8.770000,-0.420000,-11.000000,641750.000000
2021-06-09,2479.000000,2479.000000,2479.000000,2479.000000,3.000000,371850.000000,0.000000,-3.430000,-88.000000,371850.000000
2021-06-22,2514.000000,2514.000000,2514.000000,2514.000000,1.000000,125700.000000,0.000000,1.410000,35.000000,125700.000000
2021-06-28,2534.000000,2432.000000,2432.000000,2433.000000,3.000000,369900.000000,4.060000,-3.220000,-81.000000,369900.000000
2021-06-29,2515.000000,2511.000000,2515.000000,2512.000000,3.000000,376950.000000,0.160000,1.870000,46.000000,376950.000000
2021-06-30,2469.000000,2420.000000,2421.000000,2469.000000,6.000000,731100.000000,1.950000,-1.750000,-44.000000,731100.000000
2021-07-14,2510.000000,2510.000000,2510.000000,2510.000000,8.000000,1004000.000000,0.000000,3.000000,73.000000,1004000.000000
2021-07-15,2531.000000,2530.000000,2531.000000,2530.000000,2.000000,253100.000000,0.040000,0.800000,20.000000,253100.000000
2021-07-29,2596.000000,2446.000000,2596.000000,2446.000000,2.000000,252100.000000,5.930000,-3.360000,-85.000000,252100.000000
2021-08-23,2445.000000,2396.000000,2396.000000,2445.000000,3.000000,362400.000000,1.940000,-3.010000,-76.000000,362400.000000
2021-08-24,2432.000000,2432.000000,2432.000000,2432.000000,2.000000,243200.000000,0.000000,0.660000,16.000000,243200.000000
2021-09-16,2571.000000,2571.000000,2571.000000,2571.000000,1.000000,128550.000000,0.000000,5.720000,139.000000,128550.000000
2021-10-20,2491.000000,2491.000000,2491.000000,2491.000000,1.000000,124550.000000,0.000000,-3.110000,-80.000000,124550.000000
2021-10-21,2616.000000,2470.000000,2470.000000,2616.000000,2.000000,254300.000000,5.860000,5.020000,125.000000,254300.000000
2021-10-25,2550.000000,2550.000000,2550.000000,2550.000000,1.000000,127500.000000,0.000000,0.280000,7.000000,127500.000000
2021-12-23,2422.000000,2422.000000,2422.000000,2422.000000,1.000000,121100.000000,0.000000,-5.020000,-128.000000,121100.000000
2022-04-27,2802.000000,2792.000000,2802.000000,2802.000000,56.000000,7842800.000000,0.410000,15.690000,380.000000,7842800.000000
2022-04-28,2978.000000,2838.000000,2879.000000,2962.000000,116.000000,16994000.000000,5.000000,5.750000,161.000000,16994000.000000
2022-04-29,3082.000000,2883.000000,2979.000000,3019.000000,114.000000,17134200.000000,6.790000,3.040000,89.000000,17134200.000000
2022-05-05,3089.000000,3085.000000,3089.000000,3087.000000,3.000000,463050.000000,0.130000,2.690000,81.000000,463050.000000
2022-05-06,3088.000000,3088.000000,3088.000000,3088.000000,6.000000,926400.000000,0.000000,0.030000,1.000000,926400.000000
2022-05-09,3005.000000,3000.000000,3000.000000,3000.000000,7.000000,1050350.000000,0.160000,-2.850000,-88.000000,1050350.000000
2022-05-10,3212.000000,2794.000000,3000.000000,3150.000000,42.000000,6444900.000000,13.930000,4.970000,149.000000,6444900.000000
2022-05-11,3160.000000,3100.000000,3160.000000,3100.000000,14.000000,2179100.000000,1.960000,1.010000,31.000000,2179100.000000
2022-05-12,3101.000000,2923.000000,3100.000000,3100.000000,25.000000,3727500.000000,5.720000,-0.420000,-13.000000,3727500.000000
2022-05-13,3058.000000,3050.000000,3058.000000,3050.000000,3.000000,457950.000000,0.270000,2.280000,68.000000,457950.000000
2022-05-17,3267.000000,2990.000000,3267.000000,3195.000000,4.000000,635400.000000,9.070000,4.650000,142.000000,635400.000000
2022-05-25,3170.000000,3170.000000,3170.000000,3170.000000,1.000000,158500.000000,0.000000,-0.220000,-7.000000,158500.000000
2022-05-26,3199.000000,3199.000000,3199.000000,3199.000000,1.000000,159950.000000,0.000000,0.910000,29.000000,159950.000000
2022-05-27,3381.000000,2981.000000,2982.000000,3149.000000,32.000000,4894400.000000,12.500000,-1.560000,-50.000000,4894400.000000
2022-06-17,3059.000000,3059.000000,3059.000000,3059.000000,1.000000,152950.000000,0.000000,0.000000,0.000000,152950.000000
2022-06-21,3059.000000,3059.000000,3059.000000,3059.000000,2.000000,305900.000000,0.000000,0.000000,0.000000,305900.000000
2022-06-23,3059.000000,3059.000000,3059.000000,3059.000000,1.000000,152950.000000,0.000000,0.000000,0.000000,152950.000000
2022-06-27,2980.000000,2980.000000,2980.000000,2980.000000,1.000000,149000.000000,0.000000,-2.580000,-79.000000,149000.000000
2022-06-30,3020.000000,2800.000000,3020.000000,2800.000000,5.000000,718500.000000,7.380000,-6.040000,-180.000000,718500.000000
2022-07-11,3000.000000,3000.000000,3000.000000,3000.000000,1.000000,150000.000000,0.000000,4.380000,126.000000,150000.000000