2013-12-09,129.000000,123.000000,126.000000,126.000000,43539.000000,0.000000,0.000000,0.000000,0.000000,0.000000
2013-12-10,132.000000,125.000000,126.000000,132.000000,31341.000000,0.000000,5.530000,4.350000,5.500000,0.000000
2013-12-11,136.000000,132.000000,133.000000,133.000000,171165.000000,0.000000,3.090000,2.700000,3.500000,0.000000
2013-12-12,137.000000,132.000000,133.000000,136.000000,171616.000000,0.000000,3.750000,1.870000,2.500000,0.000000
2013-12-13,138.000000,134.000000,136.000000,134.000000,266098.000000,0.000000,2.980000,-0.070000,-0.100000,0.000000
2013-12-16,135.000000,132.000000,134.000000,133.000000,122405.000000,0.000000,2.210000,-1.990000,-2.700000,0.000000
2013-12-17,135.000000,132.000000,133.000000,135.000000,126233.000000,0.000000,2.250000,1.050000,1.400000,0.000000
2013-12-18,135.000000,132.000000,135.000000,133.000000,98963.000000,0.000000,2.240000,-0.520000,-0.700000,0.000000
2013-12-19,133.000000,130.000000,133.000000,131.000000,115591.000000,0.000000,2.240000,-2.020000,-2.700000,0.000000
2013-12-20,132.000000,131.000000,131.000000,131.000000,64284.000000,0.000000,0.760000,-0.080000,-0.100000,0.000000
2013-12-23,132.000000,130.000000,131.000000,131.000000,61164.000000,0.000000,1.520000,-0.300000,-0.400000,0.000000
2013-12-24,133.000000,131.000000,131.000000,132.000000,93907.000000,0.000000,1.530000,0.990000,1.300000,0.000000
2013-12-25,133.000000,131.000000,132.000000,132.000000,104221.000000,0.000000,1.510000,-0.080000,-0.100000,0.000000
2013-12-26,133.000000,131.000000,132.000000,131.000000,84876.000000,0.000000,1.510000,-0.910000,-1.200000,0.000000
2013-12-27,130.000000,127.000000,130.000000,127.000000,100040.000000,0.000000,2.270000,-4.010000,-5.300000,0.000000
2013-12-30,126.000000,124.000000,126.000000,125.000000,133483.000000,0.000000,1.560000,-2.420000,-3.100000,0.000000
2013-12-31,125.000000,121.000000,124.000000,123.000000,132356.000000,0.000000,3.190000,-1.760000,-2.200000,0.000000
2014-01-01,124.000000,122.000000,123.000000,123.000000,65645.000000,0.000000,1.630000,0.080000,0.100000,0.000000
2014-01-02,124.000000,123.000000,123.000000,123.000000,65645.000000,0.000000,0.810000,0.160000,0.200000,0.000000
2014-01-03,124.000000,121.000000,123.000000,122.000000,49496.000000,0.000000,2.440000,-0.650000,-0.800000,0.000000
2014-01-06,123.000000,120.000000,121.000000,123.000000,62722.000000,0.000000,2.450000,0.650000,0.800000,0.000000
2014-01-07,122.000000,117.000000,122.000000,120.000000,162322.000000,0.000000,4.120000,-1.070000,-1.300000,0.000000
2014-01-08,122.000000,120.000000,121.000000,121.000000,117632.000000,0.000000,1.680000,1.340000,1.600000,0.000000
2014-01-09,121.000000,119.000000,121.000000,121.000000,94817.000000,0.000000,1.650000,-0.250000,-0.300000,0.000000
2014-01-10,125.000000,120.000000,121.000000,124.000000,159941.000000,0.000000,4.170000,3.420000,4.100000,0.000000
2014-01-13,125.000000,123.000000,123.000000,124.000000,102188.000000,0.000000,1.620000,0.320000,0.400000,0.000000
2014-01-14,125.000000,123.000000,125.000000,124.000000,65628.000000,0.000000,1.610000,0.080000,0.100000,0.000000
2014-01-15,125.000000,122.000000,124.000000,125.000000,116027.000000,0.000000,2.420000,0.810000,1.000000,0.000000
2014-01-16,126.000000,124.000000,125.000000,125.000000,101517.000000,0.000000,1.610000,0.890000,1.100000,0.000000
2014-01-17,125.000000,122.000000,125.000000,122.000000,154038.000000,0.000000,2.400000,-2.320000,-2.900000,0.000000
2014-01-20,125.000000,122.000000,122.000000,125.000000,106108.000000,0.000000,2.450000,1.960000,2.400000,0.000000
2014-01-21,128.000000,125.000000,125.000000,126.000000,112211.000000,0.000000,2.430000,1.860000,2.300000,0.000000
2014-01-22,126.000000,124.000000,126.000000,125.000000,89733.000000,0.000000,1.580000,-1.190000,-1.500000,0.000000
2014-01-23,128.000000,124.000000,125.000000,124.000000,167379.000000,0.000000,3.190000,-1.040000,-1.300000,0.000000
2014-01-24,127.000000,124.000000,124.000000,127.000000,133135.000000,0.000000,2.380000,0.950000,1.200000,0.000000
2014-01-27,128.000000,126.000000,127.000000,128.000000,88855.000000,0.000000,1.590000,1.670000,2.100000,0.000000
2014-01-28,128.000000,127.000000,128.000000,128.000000,86368.000000,0.000000,0.790000,0.790000,1.000000,0.000000
2014-01-29,128.000000,125.000000,128.000000,128.000000,138675.000000,0.000000,2.350000,0.230000,0.300000,0.000000
2014-01-30,131.000000,128.000000,128.000000,131.000000,119962.000000,0.000000,2.370000,3.480000,4.400000,0.000000
2014-01-31,132.000000,130.000000,131.000000,132.000000,76629.000000,0.000000,1.550000,2.330000,3.000000,0.000000
2014-02-03,132.000000,130.000000,131.000000,132.000000,76629.000000,0.000000,1.530000,0.840000,1.100000,0.000000
2014-02-10,132.000000,130.000000,131.000000,131.000000,34917.000000,0.000000,1.530000,0.080000,0.100000,0.000000
2014-02-11,132.000000,130.000000,131.000000,132.000000,67435.000000,0.000000,1.530000,0.990000,1.300000,0.000000
2014-02-12,132.000000,131.000000,132.000000,131.000000,62155.000000,0.000000,0.760000,-0.380000,-0.500000,0.000000
2014-02-13,132.000000,130.000000,131.000000,131.000000,65529.000000,0.000000,1.520000,-0.150000,-0.200000,0.000000
2014-02-14,132.000000,129.000000,131.000000,129.000000,100044.000000,0.000000,2.280000,-1.750000,-2.300000,0.000000
2014-02-17,130.000000,129.000000,130.000000,129.000000,65461.000000,0.000000,0.770000,-0.540000,-0.700000,0.000000
2014-02-18,134.000000,129.000000,129.000000,134.000000,109374.000000,0.000000,3.860000,3.550000,4.600000,0.000000
2014-02-19,134.000000,130.000000,133.000000,131.000000,136590.000000,0.000000,3.040000,-0.380000,-0.500000,0.000000
2014-02-20,131.000000,126.000000,131.000000,127.000000,165487.000000,0.000000,3.790000,-3.710000,-4.900000,0.000000
2014-02-21,128.000000,127.000000,128.000000,128.000000,89657.000000,0.000000,0.780000,0.000000,0.000000,0.000000
2014-02-24,129.000000,127.000000,128.000000,128.000000,81827.000000,0.000000,1.570000,0.230000,0.300000,0.000000
2014-02-25,128.000000,124.000000,128.000000,126.000000,103995.000000,0.000000,3.130000,-1.490000,-1.900000,0.000000
2014-02-26,127.000000,126.000000,126.000000,126.000000,65012.000000,0.000000,0.800000,0.480000,0.600000,0.000000
2014-02-27,127.000000,125.000000,126.000000,127.000000,63038.000000,0.000000,1.580000,0.400000,0.500000,0.000000
2014-02-28,128.000000,124.000000,127.000000,125.000000,102074.000000,0.000000,3.170000,-0.950000,-1.200000,0.000000
2014-03-03,125.000000,124.000000,125.000000,125.000000,60453.000000,0.000000,0.800000,-0.400000,-0.500000,0.000000
2014-03-04,126.000000,124.000000,124.000000,126.000000,67572.000000,0.000000,1.600000,0.960000,1.200000,0.000000
2014-03-05,130.000000,126.000000,126.000000,129.000000,102218.000000,0.000000,3.190000,3.040000,3.800000,0.000000
2014-03-06,130.000000,129.000000,129.000000,130.000000,81054.000000,0.000000,0.790000,2.280000,2.900000,0.000000
2014-03-07,131.000000,129.000000,130.000000,129.000000,76577.000000,0.000000,1.550000,-0.310000,-0.400000,0.000000
2014-03-10,131.000000,129.000000,130.000000,131.000000,96461.000000,0.000000,1.540000,1.080000,1.400000,0.000000
2014-03-11,131.000000,125.000000,130.000000,129.000000,169147.000000,0.000000,4.600000,-1.000000,-1.300000,0.000000
2014-03-12,133.000000,129.000000,129.000000,132.000000,129954.000000,0.000000,3.130000,3.210000,4.100000,0.000000
2014-03-13,133.000000,130.000000,131.000000,132.000000,99117.000000,0.000000,2.290000,0.760000,1.000000,0.000000
2014-03-14,135.000000,131.000000,132.000000,134.000000,96814.000000,0.000000,3.040000,1.820000,2.400000,0.000000
2014-03-17,134.000000,131.000000,133.000000,131.000000,109592.000000,0.000000,2.260000,-1.280000,-1.700000,0.000000
2014-03-18,130.000000,126.000000,129.000000,126.000000,25999.000000,0.000000,3.010000,-5.050000,-6.700000,0.000000
2014-03-19,127.000000,125.000000,125.000000,127.000000,84438.000000,0.000000,1.570000,-0.160000,-0.200000,0.000000
2014-03-20,127.000000,126.000000,127.000000,127.000000,46538.000000,0.000000,0.790000,0.790000,1.000000,0.000000
2014-03-21,127.000000,126.000000,127.000000,127.000000,42489.000000,0.000000,0.790000,0.240000,0.300000,0.000000
2014-03-24,132.000000,127.000000,127.000000,130.000000,128240.000000,0.000000,3.950000,2.600000,3.300000,0.000000
2014-03-25,132.000000,130.000000,130.000000,132.000000,62531.000000,0.000000,1.540000,1.930000,2.500000,0.000000
2014-03-26,132.000000,128.000000,132.000000,128.000000,121167.000000,0.000000,3.060000,-2.220000,-2.900000,0.000000
2014-03-27,131.000000,128.000000,128.000000,131.000000,72916.000000,0.000000,2.310000,0.690000,0.900000,0.000000
2014-03-28,131.000000,130.000000,131.000000,130.000000,58641.000000,0.000000,0.770000,-0.230000,-0.300000,0.000000
2014-03-31,132.000000,130.000000,131.000000,132.000000,48972.000000,0.000000,1.530000,1.230000,1.600000,0.000000
2014-04-01,134.000000,131.000000,132.000000,133.000000,60890.000000,0.000000,2.280000,1.290000,1.700000,0.000000
2014-04-02,136.000000,133.000000,133.000000,136.000000,107268.000000,0.000000,2.260000,2.640000,3.500000,0.000000
2014-04-03,137.000000,134.000000,136.000000,135.000000,166259.000000,0.000000,2.230000,0.150000,0.200000,0.000000
2014-04-04,138.000000,135.000000,135.000000,138.000000,97802.000000,0.000000,2.220000,1.920000,2.600000,0.000000
2014-04-07,141.000000,138.000000,138.000000,141.000000,164267.000000,0.000000,2.200000,3.520000,4.800000,0.000000
2014-04-09,144.000000,139.000000,141.000000,144.000000,141110.000000,0.000000,3.580000,3.230000,4.500000,0.000000
2014-04-10,146.000000,142.000000,144.000000,144.000000,270121.000000,0.000000,2.820000,1.620000,2.300000,0.000000
2014-04-11,146.000000,143.000000,144.000000,144.000000,132477.000000,0.000000,2.080000,-0.140000,-0.200000,0.000000
2014-04-14,146.000000,143.000000,144.000000,146.000000,157865.000000,0.000000,2.080000,1.320000,1.900000,0.000000
2014-04-15,150.000000,146.000000,147.000000,149.000000,249518.000000,0.000000,2.780000,3.400000,4.900000,0.000000
2014-04-16,151.000000,148.000000,148.000000,151.000000,151258.000000,0.000000,2.030000,2.170000,3.200000,0.000000
2014-04-17,156.000000,150.000000,151.000000,155.000000,165107.000000,0.000000,4.030000,4.170000,6.200000,0.000000
2014-04-18,157.000000,147.000000,155.000000,149.000000,316000.000000,0.000000,6.550000,-2.360000,-3.600000,0.000000
2014-04-21,150.000000,147.000000,148.000000,150.000000,125185.000000,0.000000,1.980000,-1.120000,-1.700000,0.000000
2014-04-22,139.000000,136.000000,139.000000,137.000000,98540.000000,0.000000,2.020000,-7.560000,-11.200000,0.000000
2014-04-23,138.000000,135.000000,137.000000,137.000000,143271.000000,0.000000,2.180000,-0.510000,-0.700000,0.000000
2014-04-24,140.000000,137.000000,138.000000,140.000000,153423.000000,0.000000,2.190000,2.190000,3.000000,0.000000
2014-04-25,141.000000,139.000000,141.000000,139.000000,107171.000000,0.000000,1.440000,-0.070000,-0.100000,0.000000
2014-04-28,140.000000,138.000000,140.000000,139.000000,70723.000000,0.000000,1.430000,-0.570000,-0.800000,0.000000
2014-04-29,141.000000,138.000000,140.000000,138.000000,81229.000000,0.000000,2.160000,-0.720000,-1.000000,0.000000
2014-04-30,141.000000,138.000000,138.000000,141.000000,101110.000000,0.000000,2.160000,1.440000,2.000000,0.000000
2014-05-01,143.000000,140.000000,141.000000,142.000000,168826.000000,0.000000,2.150000,1.720000,2.400000,0.000000
2014-05-02,143.000000,141.000000,141.000000,142.000000,168826.000000,0.000000,1.410000,0.000000,0.000000,0.000000
2014-05-05,143.000000,140.000000,141.000000,142.000000,168826.000000,0.000000,2.110000,0.000000,0.000000,0.000000
2014-05-06,144.000000,141.000000,142.000000,144.000000,127980.000000,0.000000,2.110000,1.410000,2.000000,0.000000
2014-05-07,145.000000,143.000000,144.000000,145.000000,139435.000000,0.000000,1.400000,1.540000,2.200000,0.000000
2014-05-08,146.000000,142.000000,145.000000,143.000000,182418.000000,0.000000,2.770000,-0.970000,-1.400000,0.000000
2014-05-09,144.000000,141.000000,143.000000,143.000000,178537.000000,0.000000,2.090000,-0.490000,-0.700000,0.000000
2014-05-12,144.000000,140.000000,144.000000,140.000000,181178.000000,0.000000,2.810000,-1.750000,-2.500000,0.000000
2014-05-13,142.000000,140.000000,140.000000,141.000000,117543.000000,0.000000,1.410000,-0.490000,-0.700000,0.000000
2014-05-14,141.000000,138.000000,141.000000,138.000000,145154.000000,0.000000,2.130000,-1.990000,-2.800000,0.000000
2014-05-15,140.000000,138.000000,139.000000,138.000000,127724.000000,0.000000,1.430000,-1.000000,-1.400000,0.000000
2014-05-16,139.000000,137.000000,138.000000,137.000000,139928.000000,0.000000,1.440000,-1.230000,-1.700000,0.000000
2014-05-19,138.000000,136.000000,137.000000,137.000000,126390.000000,0.000000,1.450000,-0.940000,-1.300000,0.000000
2014-05-20,140.000000,137.000000,137.000000,138.000000,156172.000000,0.000000,2.190000,0.660000,0.900000,0.000000
2014-05-21,138.000000,135.000000,137.000000,135.000000,130570.000000,0.000000,2.160000,-2.600000,-3.600000,0.000000
2014-05-22,137.000000,135.000000,136.000000,135.000000,93065.000000,0.000000,1.470000,-0.740000,-1.000000,0.000000
2014-05-23,137.000000,135.000000,136.000000,136.000000,88059.000000,0.000000,1.470000,0.070000,0.100000,0.000000
2014-05-26,139.000000,136.000000,136.000000,139.000000,159560.000000,0.000000,2.210000,2.360000,3.200000,0.000000
2014-05-27,141.000000,139.000000,139.000000,140.000000,119083.000000,0.000000,1.450000,1.740000,2.400000,0.000000
2014-05-28,140.000000,136.000000,140.000000,136.000000,123912.000000,0.000000,2.860000,-2.650000,-3.700000,0.000000
2014-05-29,137.000000,136.000000,136.000000,137.000000,82996.000000,0.000000,0.730000,-0.290000,-0.400000,0.000000
2014-05-30,137.000000,136.000000,136.000000,136.000000,91086.000000,0.000000,0.730000,-0.220000,-0.300000,0.000000
2014-06-02,137.000000,132.000000,136.000000,133.000000,135512.000000,0.000000,3.670000,-2.490000,-3.400000,0.000000
2014-06-04,134.000000,133.000000,133.000000,133.000000,61368.000000,0.000000,0.750000,-0.670000,-0.900000,0.000000
2014-06-05,134.000000,132.000000,133.000000,132.000000,82429.000000,0.000000,1.500000,-0.900000,-1.200000,0.000000
2014-06-06,135.000000,132.000000,133.000000,135.000000,96232.000000,0.000000,2.260000,1.500000,2.000000,0.000000
2014-06-09,135.000000,133.000000,135.000000,135.000000,87436.000000,0.000000,1.500000,1.200000,1.600000,0.000000
2014-06-10,136.000000,134.000000,135.000000,135.000000,81944.000000,0.000000,1.490000,0.520000,0.700000,0.000000
2014-06-11,136.000000,133.000000,135.000000,135.000000,91340.000000,0.000000,2.220000,-0.150000,-0.200000,0.000000
2014-06-12,137.000000,135.000000,135.000000,135.000000,131925.000000,0.000000,1.490000,0.520000,0.700000,0.000000
2014-06-13,135.000000,134.000000,135.000000,135.000000,52106.000000,0.000000,0.740000,-0.520000,-0.700000,0.000000
2014-06-16,136.000000,134.000000,134.000000,134.000000,86237.000000,0.000000,1.480000,-0.520000,-0.700000,0.000000
2014-06-17,135.000000,134.000000,134.000000,134.000000,52680.000000,0.000000,0.740000,-0.220000,-0.300000,0.000000
2014-06-18,135.000000,133.000000,134.000000,134.000000,63993.000000,0.000000,1.490000,-0.220000,-0.300000,0.000000
2014-06-19,135.000000,133.000000,135.000000,134.000000,55042.000000,0.000000,1.490000,-0.070000,-0.100000,0.000000
2014-06-20,134.000000,131.000000,134.000000,132.000000,109751.000000,0.000000,2.240000,-1.570000,-2.100000,0.000000
2014-06-23,133.000000,132.000000,132.000000,132.000000,47173.000000,0.000000,0.760000,0.080000,0.100000,0.000000
2014-06-24,133.000000,131.000000,132.000000,131.000000,58881.000000,0.000000,1.510000,-0.830000,-1.100000,0.000000
2014-06-25,135.000000,130.000000,131.000000,135.000000,151262.000000,0.000000,3.790000,2.430000,3.200000,0.000000
2014-06-26,137.000000,134.000000,135.000000,137.000000,139675.000000,0.000000,2.260000,3.400000,4.500000,0.000000
2014-06-27,138.000000,136.000000,137.000000,138.000000,85864.000000,0.000000,1.470000,1.690000,2.300000,0.000000
2014-06-30,139.000000,138.000000,138.000000,139.000000,71343.000000,0.000000,0.730000,1.390000,1.900000,0.000000
2014-07-01,139.000000,137.000000,138.000000,139.000000,58422.000000,0.000000,1.450000,0.580000,0.800000,0.000000
2014-07-02,140.000000,137.000000,139.000000,139.000000,71128.000000,0.000000,2.170000,0.580000,0.800000,0.000000
2014-07-03,139.000000,137.000000,139.000000,139.000000,67854.000000,0.000000,1.440000,0.360000,0.500000,0.000000
2014-07-04,139.000000,138.000000,139.000000,138.000000,38725.000000,0.000000,0.720000,-0.360000,-0.500000,0.000000
2014-07-07,141.000000,138.000000,139.000000,141.000000,95320.000000,0.000000,2.160000,1.660000,2.300000,0.000000
2014-07-08,142.000000,138.000000,141.000000,140.000000,90374.000000,0.000000,2.860000,0.210000,0.300000,0.000000
2014-07-09,138.000000,136.000000,138.000000,137.000000,47545.000000,0.000000,1.430000,-2.280000,-3.200000,0.000000
2014-07-10,140.000000,136.000000,137.000000,139.000000,58268.000000,0.000000,2.910000,1.240000,1.700000,0.000000
2014-07-11,140.000000,137.000000,139.000000,138.000000,50547.000000,0.000000,2.160000,-0.430000,-0.600000,0.000000
2014-07-14,140.000000,137.000000,138.000000,138.000000,32838.000000,0.000000,2.170000,-0.360000,-0.500000,0.000000
2014-07-15,140.000000,137.000000,138.000000,140.000000,67694.000000,0.000000,2.180000,1.600000,2.200000,0.000000
2014-07-16,140.000000,138.000000,139.000000,139.000000,41594.000000,0.000000,1.440000,-0.220000,-0.300000,0.000000
2014-07-17,140.000000,138.000000,139.000000,140.000000,43677.000000,0.000000,1.440000,0.790000,1.100000,0.000000
2014-07-18,140.000000,138.000000,140.000000,139.000000,57774.000000,0.000000,1.430000,-0.290000,-0.400000,0.000000
2014-07-21,140.000000,138.000000,139.000000,140.000000,39245.000000,0.000000,1.440000,0.500000,0.700000,0.000000
2014-07-22,140.000000,139.000000,140.000000,140.000000,35812.000000,0.000000,0.720000,0.360000,0.500000,0.000000
2014-07-23,141.000000,138.000000,140.000000,139.000000,56634.000000,0.000000,2.150000,-0.430000,-0.600000,0.000000
2014-07-24,141.000000,139.000000,139.000000,140.000000,41935.000000,0.000000,1.440000,0.570000,0.800000,0.000000
2014-07-25,146.000000,139.000000,140.000000,145.000000,107638.000000,0.000000,5.010000,3.790000,5.300000,0.000000
2014-07-28,146.000000,144.000000,145.000000,146.000000,60025.000000,0.000000,1.400000,2.170000,3.100000,0.000000
2014-07-29,148.000000,145.000000,146.000000,146.000000,57234.000000,0.000000,2.070000,0.690000,1.000000,0.000000
2014-07-30,147.000000,144.000000,145.000000,147.000000,57489.000000,0.000000,2.050000,0.340000,0.500000,0.000000
2014-07-31,149.000000,147.000000,147.000000,148.000000,82814.000000,0.000000,1.370000,1.230000,1.800000,0.000000
2014-08-01,149.000000,147.000000,148.000000,148.000000,46044.000000,0.000000,1.350000,-0.130000,-0.200000,0.000000
2014-08-04,150.000000,148.000000,148.000000,149.000000,53238.000000,0.000000,1.350000,0.880000,1.300000,0.000000
2014-08-05,150.000000,149.000000,150.000000,149.000000,38498.000000,0.000000,0.670000,-0.070000,-0.100000,0.000000
2014-08-06,150.000000,149.000000,149.000000,149.000000,26641.000000,0.000000,0.670000,-0.130000,-0.200000,0.000000
2014-08-07,150.000000,148.000000,149.000000,149.000000,43406.000000,0.000000,1.340000,-0.200000,-0.300000,0.000000
2014-08-08,150.000000,147.000000,149.000000,148.000000,38905.000000,0.000000,2.020000,-0.470000,-0.700000,0.000000
2014-08-11,149.000000,148.000000,149.000000,149.000000,35624.000000,0.000000,0.680000,0.680000,1.000000,0.000000
2014-08-12,151.000000,149.000000,149.000000,150.000000,44207.000000,0.000000,1.350000,1.010000,1.500000,0.000000
2014-08-13,154.000000,150.000000,150.000000,154.000000,81384.000000,0.000000,2.670000,2.870000,4.300000,0.000000
2014-08-14,154.000000,152.000000,154.000000,153.000000,61098.000000,0.000000,1.310000,0.330000,0.500000,0.000000
2014-08-15,155.000000,152.000000,153.000000,155.000000,37168.000000,0.000000,1.960000,1.370000,2.100000,0.000000
2014-08-18,155.000000,150.000000,155.000000,151.000000,58225.000000,0.000000,3.250000,-1.760000,-2.700000,0.000000
2014-08-19,151.000000,149.000000,151.000000,151.000000,39681.000000,0.000000,1.310000,-0.920000,-1.400000,0.000000
2014-08-20,152.000000,149.000000,151.000000,152.000000,32836.000000,0.000000,2.000000,1.330000,2.000000,0.000000
2014-08-21,153.000000,151.000000,152.000000,152.000000,35688.000000,0.000000,1.320000,0.660000,1.000000,0.000000
2014-08-22,153.000000,150.000000,152.000000,152.000000,26605.000000,0.000000,1.970000,-0.200000,-0.300000,0.000000
2014-08-25,153.000000,151.000000,152.000000,152.000000,17303.000000,0.000000,1.320000,0.530000,0.800000,0.000000
2014-08-26,152.000000,150.000000,152.000000,151.000000,29606.000000,0.000000,1.310000,-0.720000,-1.100000,0.000000
2014-08-27,153.000000,151.000000,152.000000,153.000000,17612.000000,0.000000,1.320000,1.320000,2.000000,0.000000
2014-08-28,154.000000,151.000000,152.000000,153.000000,25762.000000,0.000000,1.970000,0.460000,0.700000,0.000000
2014-08-29,157.000000,151.000000,153.000000,156.000000,24140.000000,0.000000,3.940000,2.560000,3.900000,0.000000
2014-09-01,157.000000,144.000000,156.000000,144.000000,1462.000000,0.000000,8.490000,-5.940000,-9.100000,0.000000
2014-09-02,144.000000,134.000000,134.000000,134.000000,18392.000000,0.000000,6.650000,-10.840000,-16.300000,0.000000
2014-09-03,135.000000,134.000000,134.000000,134.000000,10088.000000,0.000000,0.740000,-0.220000,-0.300000,0.000000
2014-09-04,135.000000,134.000000,134.000000,134.000000,15621.000000,0.000000,0.740000,-0.370000,-0.500000,0.000000
2014-09-05,135.000000,134.000000,134.000000,135.000000,16749.000000,0.000000,0.750000,0.600000,0.800000,0.000000
2014-09-08,135.000000,135.000000,135.000000,135.000000,16749.000000,0.000000,0.000000,0.670000,0.900000,0.000000
2014-09-09,135.000000,134.000000,135.000000,135.000000,13970.000000,0.000000,0.750000,0.670000,0.900000,0.000000
2014-09-10,135.000000,133.000000,134.000000,133.000000,25027.000000,0.000000,1.490000,-1.190000,-1.600000,0.000000
2014-09-11,134.000000,133.000000,134.000000,133.000000,15518.000000,0.000000,0.750000,-0.300000,-0.400000,0.000000
2014-09-12,133.000000,132.000000,133.000000,133.000000,25789.000000,0.000000,0.750000,-0.150000,-0.200000,0.000000
2014-09-15,133.000000,132.000000,132.000000,132.000000,14299.000000,0.000000,0.750000,-0.380000,-0.500000,0.000000
2014-09-16,134.000000,132.000000,132.000000,133.000000,27082.000000,0.000000,1.510000,0.380000,0.500000,0.000000
2014-09-17,134.000000,133.000000,134.000000,133.000000,10102.000000,0.000000,0.750000,-0.370000,-0.500000,0.000000
2014-09-18,134.000000,133.000000,134.000000,133.000000,9845.000000,0.000000,0.750000,-0.230000,-0.300000,0.000000
2014-09-19,133.000000,132.000000,133.000000,132.000000,23643.000000,0.000000,0.750000,-1.270000,-1.700000,0.000000
2014-09-22,134.000000,131.000000,132.000000,133.000000,40082.000000,0.000000,2.270000,0.680000,0.900000,0.000000
2014-09-23,134.000000,133.000000,133.000000,133.000000,20344.000000,0.000000,0.750000,0.300000,0.400000,0.000000
2014-09-24,134.000000,131.000000,133.000000,133.000000,51821.000000,0.000000,2.250000,-0.300000,-0.400000,0.000000
2014-09-25,133.000000,132.000000,133.000000,133.000000,14543.000000,0.000000,0.760000,0.760000,1.000000,0.000000
2014-09-26,135.000000,133.000000,133.000000,134.000000,24210.000000,0.000000,1.510000,1.130000,1.500000,0.000000
2014-09-29,135.000000,133.000000,134.000000,135.000000,12600.000000,0.000000,1.490000,0.820000,1.100000,0.000000
2014-09-30,139.000000,135.000000,135.000000,136.000000,16256.000000,0.000000,2.990000,1.640000,2.200000,0.000000
2014-10-01,139.000000,135.000000,135.000000,136.000000,16256.000000,0.000000,2.940000,0.070000,0.100000,0.000000
2014-10-02,139.000000,135.000000,135.000000,136.000000,16256.000000,0.000000,2.940000,0.070000,0.100000,0.000000
2014-10-03,139.000000,135.000000,135.000000,136.000000,16256.000000,0.000000,2.940000,0.070000,0.100000,0.000000
2014-10-08,136.000000,134.000000,136.000000,135.000000,11338.000000,0.000000,1.470000,-0.660000,-0.900000,0.000000
2014-10-09,136.000000,134.000000,135.000000,135.000000,10436.000000,0.000000,1.480000,0.150000,0.200000,0.000000
2014-10-10,135.000000,134.000000,135.000000,135.000000,10707.000000,0.000000,0.740000,0.150000,0.200000,0.000000
2014-10-13,137.000000,135.000000,135.000000,137.000000,17248.000000,0.000000,1.480000,1.710000,2.300000,0.000000
2014-10-14,137.000000,136.000000,137.000000,137.000000,8992.000000,0.000000,0.730000,0.440000,0.600000,0.000000
2014-10-15,137.000000,131.000000,137.000000,133.000000,21305.000000,0.000000,4.390000,-2.780000,-3.800000,0.000000
2014-10-16,133.000000,132.000000,132.000000,132.000000,17468.000000,0.000000,0.740000,-2.000000,-2.700000,0.000000
2014-10-17,133.000000,132.000000,133.000000,132.000000,10348.000000,0.000000,0.750000,-0.380000,-0.500000,0.000000
2014-10-20,133.000000,131.000000,132.000000,132.000000,17424.000000,0.000000,1.510000,-0.150000,-0.200000,0.000000
2014-10-21,132.000000,131.000000,131.000000,131.000000,8996.000000,0.000000,0.760000,-0.530000,-0.700000,0.000000
2014-10-22,132.000000,130.000000,131.000000,131.000000,26242.000000,0.000000,1.520000,-0.380000,-0.500000,0.000000
2014-10-23,131.000000,130.000000,131.000000,131.000000,13089.000000,0.000000,0.770000,0.380000,0.500000,0.000000
2014-10-24,132.000000,130.000000,131.000000,132.000000,15688.000000,0.000000,1.530000,0.760000,1.000000,0.000000
2014-10-27,132.000000,131.000000,132.000000,131.000000,9885.000000,0.000000,0.760000,-0.150000,-0.200000,0.000000
2014-10-28,131.000000,130.000000,131.000000,131.000000,13482.000000,0.000000,0.760000,0.000000,0.000000,0.000000
2014-10-29,131.000000,130.000000,131.000000,131.000000,12017.000000,0.000000,0.760000,0.150000,0.200000,0.000000
2014-10-30,132.000000,131.000000,131.000000,132.000000,13997.000000,0.000000,0.760000,0.920000,1.200000,0.000000
2014-10-31,132.000000,131.000000,131.000000,131.000000,9792.000000,0.000000,0.760000,-0.380000,-0.500000,0.000000
2014-11-03,131.000000,129.000000,131.000000,130.000000,25366.000000,0.000000,1.530000,-0.610000,-0.800000,0.000000
2014-11-04,130.000000,129.000000,129.000000,130.000000,15442.000000,0.000000,0.770000,0.080000,0.100000,0.000000
2014-11-05,131.000000,129.000000,130.000000,131.000000,20433.000000,0.000000,1.540000,0.850000,1.100000,0.000000
2014-11-06,131.000000,130.000000,131.000000,130.000000,13532.000000,0.000000,0.770000,-0.380000,-0.500000,0.000000
2014-11-07,130.000000,129.000000,130.000000,130.000000,19535.000000,0.000000,0.770000,-0.380000,-0.500000,0.000000
2014-11-10,130.000000,129.000000,130.000000,130.000000,8315.000000,0.000000,0.770000,0.310000,0.400000,0.000000
2014-11-11,132.000000,129.000000,130.000000,130.000000,25017.000000,0.000000,2.310000,0.150000,0.200000,0.000000
2014-11-12,131.000000,130.000000,131.000000,130.000000,8003.000000,0.000000,0.770000,-0.540000,-0.700000,0.000000
2014-11-13,131.000000,130.000000,130.000000,130.000000,8792.000000,0.000000,0.770000,-0.080000,-0.100000,0.000000
2014-11-14,131.000000,130.000000,130.000000,131.000000,8821.000000,0.000000,0.770000,0.610000,0.800000,0.000000
2014-11-17,134.000000,131.000000,131.000000,134.000000,24396.000000,0.000000,2.300000,2.680000,3.500000,0.000000
2014-11-18,134.000000,133.000000,134.000000,134.000000,7244.000000,0.000000,0.750000,0.680000,0.900000,0.000000
2014-11-19,135.000000,133.000000,134.000000,134.000000,9139.000000,0.000000,1.500000,0.450000,0.600000,0.000000
2014-11-20,134.000000,133.000000,134.000000,133.000000,9891.000000,0.000000,0.750000,-0.520000,-0.700000,0.000000
2014-11-21,134.000000,130.000000,133.000000,130.000000,22992.000000,0.000000,2.990000,-2.690000,-3.600000,0.000000
2014-11-24,131.000000,130.000000,130.000000,130.000000,8572.000000,0.000000,0.760000,-0.690000,-0.900000,0.000000
2014-11-25,131.000000,130.000000,130.000000,130.000000,10465.000000,0.000000,0.770000,-0.080000,-0.100000,0.000000
2014-11-26,130.000000,129.000000,130.000000,129.000000,19601.000000,0.000000,0.770000,-0.920000,-1.200000,0.000000
2014-11-27,129.000000,129.000000,129.000000,129.000000,5540.000000,0.000000,0.000000,-0.080000,-0.100000,0.000000
2014-11-28,130.000000,129.000000,129.000000,129.000000,12636.000000,0.000000,0.770000,-0.230000,-0.300000,0.000000
2014-12-01,129.000000,127.000000,128.000000,128.000000,11232.000000,0.000000,1.540000,-1.160000,-1.500000,0.000000
2014-12-02,128.000000,128.000000,128.000000,128.000000,8324.000000,0.000000,0.000000,0.000000,0.000000,0.000000
2014-12-03,128.000000,126.000000,128.000000,127.000000,9234.000000,0.000000,1.560000,-0.780000,-1.000000,0.000000
2014-12-04,127.000000,126.000000,127.000000,127.000000,4891.000000,0.000000,0.790000,0.240000,0.300000,0.000000
2014-12-05,127.000000,126.000000,127.000000,126.000000,7237.000000,0.000000,0.790000,-0.630000,-0.800000,0.000000
2014-12-08,127.000000,125.000000,126.000000,125.000000,9481.000000,0.000000,1.580000,-1.110000,-1.400000,0.000000
2014-12-09,125.000000,125.000000,125.000000,125.000000,5672.000000,0.000000,0.000000,-0.400000,-0.500000,0.000000
2014-12-10,126.000000,125.000000,125.000000,125.000000,9889.000000,0.000000,0.800000,0.080000,0.100000,0.000000
2014-12-11,126.000000,125.000000,125.000000,125.000000,14249.000000,0.000000,0.800000,-0.080000,-0.100000,0.000000
2014-12-12,125.000000,125.000000,125.000000,125.000000,5080.000000,0.000000,0.000000,-0.320000,-0.400000,0.000000
2014-12-15,126.000000,125.000000,125.000000,125.000000,3156.000000,0.000000,0.800000,0.080000,0.100000,0.000000
2014-12-16,125.000000,125.000000,125.000000,125.000000,4364.000000,0.000000,0.000000,-0.240000,-0.300000,0.000000
2014-12-17,125.000000,120.000000,125.000000,120.000000,9369.000000,0.000000,4.000000,-4.000000,-5.000000,0.000000
2014-12-18,122.000000,118.000000,120.000000,121.000000,9007.000000,0.000000,3.260000,-1.390000,-1.700000,0.000000
2014-12-19,122.000000,119.000000,121.000000,121.000000,4691.000000,0.000000,2.510000,1.170000,1.400000,0.000000
2014-12-22,125.000000,119.000000,122.000000,125.000000,6708.000000,0.000000,4.980000,3.650000,4.400000,0.000000
2014-12-23,125.000000,121.000000,124.000000,124.000000,3826.000000,0.000000,3.220000,-0.080000,-0.100000,0.000000
2014-12-24,126.000000,122.000000,124.000000,126.000000,3346.000000,0.000000,3.240000,2.020000,2.500000,0.000000
2014-12-25,128.000000,126.000000,126.000000,128.000000,5540.000000,0.000000,1.610000,2.980000,3.700000,0.000000
2014-12-26,130.000000,128.000000,128.000000,130.000000,4100.000000,0.000000,1.580000,2.690000,3.400000,0.000000
2014-12-29,134.000000,130.000000,130.000000,134.000000,9320.000000,0.000000,3.110000,4.120000,5.300000,0.000000
2014-12-30,139.000000,132.000000,133.000000,139.000000,9993.000000,0.000000,5.300000,5.300000,7.000000,0.000000
2014-12-31,142.000000,138.000000,139.000000,142.000000,10155.000000,0.000000,2.960000,5.110000,6.900000,0.000000
2015-01-01,142.000000,139.000000,139.000000,142.000000,10155.000000,0.000000,2.130000,0.850000,1.200000,0.000000
2015-01-02,142.000000,138.000000,139.000000,142.000000,10155.000000,0.000000,2.840000,0.850000,1.200000,0.000000
2015-01-05,135.000000,128.000000,132.000000,129.000000,7363.000000,0.000000,4.970000,-8.380000,-11.800000,0.000000
2015-01-06,131.000000,128.000000,128.000000,130.000000,4372.000000,0.000000,2.290000,-0.690000,-0.900000,0.000000
2015-01-07,132.000000,128.000000,129.000000,130.000000,2985.000000,0.000000,3.090000,0.310000,0.400000,0.000000
2015-01-08,132.000000,128.000000,131.000000,129.000000,2556.000000,0.000000,3.060000,-1.230000,-1.600000,0.000000
2015-01-09,130.000000,123.000000,129.000000,124.000000,4041.000000,0.000000,5.390000,-4.540000,-5.900000,0.000000
2015-01-12,124.000000,120.000000,122.000000,121.000000,3281.000000,0.000000,3.190000,-3.430000,-4.300000,0.000000
2015-01-13,126.000000,120.000000,120.000000,125.000000,5778.000000,0.000000,4.930000,2.710000,3.300000,0.000000
2015-01-14,125.000000,118.000000,125.000000,118.000000,4196.000000,0.000000,5.630000,-5.070000,-6.300000,0.000000
2015-01-15,115.000000,114.000000,114.000000,114.000000,1130.000000,0.000000,0.830000,-5.710000,-6.900000,0.000000
2015-01-16,109.000000,105.000000,105.000000,105.000000,12428.000000,0.000000,3.520000,-7.650000,-8.700000,0.000000
2015-01-19,111.000000,104.000000,106.000000,106.000000,6304.000000,0.000000,6.540000,-1.030000,-1.100000,0.000000
2015-01-20,107.000000,102.000000,105.000000,103.000000,5461.000000,0.000000,4.660000,-3.920000,-4.200000,0.000000
2015-01-21,105.000000,103.000000,104.000000,103.000000,2852.000000,0.000000,1.920000,-1.340000,-1.400000,0.000000
2015-01-22,107.000000,103.000000,103.000000,104.000000,4471.000000,0.000000,3.850000,0.190000,0.200000,0.000000
2015-01-23,107.000000,104.000000,104.000000,105.000000,2943.000000,0.000000,2.850000,-0.100000,-0.100000,0.000000
2015-01-26,106.000000,103.000000,105.000000,103.000000,1884.000000,0.000000,2.850000,-2.090000,-2.200000,0.000000
2015-01-27,106.000000,103.000000,103.000000,103.000000,1621.000000,0.000000,2.900000,-0.580000,-0.600000,0.000000
2015-01-28,104.000000,102.000000,103.000000,102.000000,1952.000000,0.000000,1.920000,-2.110000,-2.200000,0.000000
2015-01-29,103.000000,101.000000,103.000000,101.000000,2271.000000,0.000000,1.950000,-1.750000,-1.800000,0.000000
2015-01-30,105.000000,99.000000,102.000000,100.000000,3625.000000,0.000000,5.890000,-1.770000,-1.800000,0.000000
2015-02-02,101.000000,99.000000,99.000000,100.000000,111.000000,0.000000,1.970000,-1.670000,-1.700000,0.000000
2015-02-03,120.000000,118.000000,119.000000,119.000000,360.000000,0.000000,1.990000,18.410000,18.500000,0.000000
2015-02-04,121.000000,118.000000,120.000000,118.000000,1443.000000,0.000000,2.520000,-0.760000,-0.900000,0.000000
2015-02-05,119.000000,117.000000,119.000000,118.000000,737.000000,0.000000,1.670000,-1.260000,-1.500000,0.000000
2015-02-06,120.000000,118.000000,118.000000,118.000000,1475.000000,0.000000,1.690000,0.000000,0.000000,0.000000
2015-02-09,120.000000,118.000000,118.000000,119.000000,468.000000,0.000000,1.690000,0.420000,0.500000,0.000000
2015-02-10,119.000000,117.000000,119.000000,117.000000,603.000000,0.000000,1.690000,-1.350000,-1.600000,0.000000
2015-02-11,119.000000,117.000000,117.000000,119.000000,782.000000,0.000000,1.700000,1.020000,1.200000,0.000000
2015-02-12,119.000000,117.000000,119.000000,118.000000,662.000000,0.000000,1.700000,0.080000,0.100000,0.000000
2015-02-13,120.000000,118.000000,118.000000,119.000000,899.000000,0.000000,1.700000,1.100000,1.300000,0.000000
2015-02-16,124.000000,119.000000,119.000000,123.000000,2367.000000,0.000000,4.220000,3.800000,4.500000,0.000000
2015-02-17,124.000000,120.000000,123.000000,121.000000,1450.000000,0.000000,3.290000,-0.490000,-0.600000,0.000000
2015-02-25,122.000000,120.000000,120.000000,121.000000,373.000000,0.000000,1.650000,-0.250000,-0.300000,0.000000
2015-02-26,123.000000,121.000000,121.000000,122.000000,637.000000,0.000000,1.650000,0.910000,1.100000,0.000000
2015-02-27,123.000000,121.000000,123.000000,122.000000,935.000000,0.000000,1.640000,0.080000,0.100000,0.000000
2015-03-02,123.000000,121.000000,122.000000,122.000000,672.000000,0.000000,1.640000,0.160000,0.200000,0.000000
2015-03-03,123.000000,122.000000,123.000000,122.000000,347.000000,0.000000,0.820000,-0.330000,-0.400000,0.000000
2015-03-04,126.000000,122.000000,122.000000,126.000000,1151.000000,0.000000,3.270000,3.030000,3.700000,0.000000
2015-03-05,126.000000,124.000000,125.000000,126.000000,1485.000000,0.000000,1.610000,1.610000,2.000000,0.000000
2015-03-06,126.000000,123.000000,125.000000,123.000000,930.000000,0.000000,2.390000,-2.070000,-2.600000,0.000000
2015-03-09,124.000000,121.000000,122.000000,121.000000,930.000000,0.000000,2.420000,-2.580000,-3.200000,0.000000
2015-03-10,123.000000,120.000000,122.000000,120.000000,635.000000,0.000000,2.460000,-1.560000,-1.900000,0.000000
2015-03-11,121.000000,119.000000,120.000000,120.000000,440.000000,0.000000,1.650000,-1.070000,-1.300000,0.000000
2015-03-12,120.000000,119.000000,120.000000,120.000000,500.000000,0.000000,0.830000,-0.080000,-0.100000,0.000000
2015-03-13,121.000000,118.000000,119.000000,118.000000,840.000000,0.000000,2.510000,-1.260000,-1.500000,0.000000
2015-03-16,121.000000,114.000000,118.000000,119.000000,651.000000,0.000000,5.870000,-0.170000,-0.200000,0.000000
2015-03-17,120.000000,119.000000,119.000000,119.000000,342.000000,0.000000,0.850000,0.760000,0.900000,0.000000
2015-03-18,120.000000,118.000000,119.000000,119.000000,487.000000,0.000000,1.680000,-0.080000,-0.100000,0.000000
2015-03-19,121.000000,120.000000,121.000000,120.000000,382.000000,0.000000,0.840000,0.590000,0.700000,0.000000
2015-03-20,120.450000,119.300000,119.800000,119.600000,421.000000,0.000000,0.960000,-0.250000,-0.300000,0.000000
2015-03-23,120.950000,119.700000,119.800000,120.950000,532.000000,0.000000,1.040000,0.960000,1.150000,0.000000
2015-03-24,121.850000,120.350000,121.050000,120.550000,705.000000,0.000000,1.250000,0.120000,0.150000,0.000000
2015-03-25,121.050000,119.500000,120.400000,120.950000,466.000000,0.000000,1.280000,-0.170000,-0.200000,0.000000
2015-03-26,121.600000,120.000000,120.950000,120.250000,427.000000,0.000000,1.330000,-0.250000,-0.300000,0.000000
2015-03-27,120.700000,119.500000,119.950000,120.350000,242.000000,0.000000,0.990000,-0.370000,-0.450000,0.000000
2015-03-30,120.450000,117.700000,120.100000,117.700000,552.000000,0.000000,2.290000,-2.040000,-2.450000,0.000000
2015-03-31,117.850000,115.500000,117.400000,116.550000,337.000000,0.000000,1.980000,-1.810000,-2.150000,0.000000
2015-04-01,116.900000,114.300000,116.400000,114.800000,364.000000,0.000000,2.220000,-1.880000,-2.200000,0.000000
2015-04-02,116.450000,114.000000,114.000000,114.500000,413.000000,0.000000,2.120000,-1.120000,-1.300000,0.000000
2015-04-03,115.750000,113.700000,114.250000,115.000000,561.000000,0.000000,1.790000,0.310000,0.350000,0.000000
2015-04-06,115.750000,114.250000,114.250000,115.000000,561.000000,0.000000,1.310000,0.350000,0.400000,0.000000
2015-04-07,117.650000,115.000000,115.550000,117.650000,600.000000,0.000000,2.310000,2.660000,3.050000,0.000000
2015-04-08,117.950000,115.100000,117.950000,116.700000,407.000000,0.000000,2.440000,0.000000,0.000000,0.000000
2015-04-09,116.200000,110.650000,116.200000,110.650000,751.000000,0.000000,4.770000,-4.980000,-5.800000,0.000000
2015-04-10,109.500000,106.550000,109.000000,106.550000,1029.000000,0.000000,2.600000,-5.960000,-6.750000,0.000000
2015-04-13,106.500000,99.200000,106.500000,101.750000,3638.000000,0.000000,6.810000,-5.130000,-5.500000,0.000000
2015-04-14,104.250000,100.000000,102.000000,101.000000,2199.000000,0.000000,4.190000,-0.390000,-0.400000,0.000000
2015-04-15,102.200000,99.500000,101.000000,100.150000,1030.000000,0.000000,2.640000,-2.010000,-2.050000,0.000000
2015-04-16,101.750000,100.150000,100.750000,100.550000,799.000000,40334300.000000,1.590000,-0.050000,-0.050000,40334300.000000
2015-04-17,103.000000,100.250000,101.000000,101.200000,1161.000000,58974175.000000,2.720000,0.250000,0.250000,58974175.000000
2015-04-20,102.900000,100.500000,102.000000,100.700000,754.000000,38331325.000000,2.360000,-0.840000,-0.850000,38331325.000000
2015-04-21,100.800000,97.600000,100.800000,98.000000,1167.000000,57684325.000000,3.150000,-3.590000,-3.650000,57684325.000000
2015-04-22,101.650000,97.650000,98.000000,100.950000,775.000000,38717075.000000,4.050000,2.120000,2.100000,38717075.000000
2015-04-23,102.950000,98.500000,101.400000,99.400000,616.000000,30876650.000000,4.450000,-0.500000,-0.500000,30876650.000000
2015-04-24,101.400000,99.500000,100.100000,99.600000,541.000000,27132425.000000,1.900000,-0.600000,-0.600000,27132425.000000
2015-04-27,100.200000,98.200000,99.950000,99.150000,624.000000,30981600.000000,1.990000,-1.150000,-1.150000,30981600.000000
2015-04-28,102.500000,98.800000,99.500000,99.450000,1448.000000,73007400.000000,3.730000,0.150000,0.150000,73007400.000000
2015-04-29,100.300000,95.800000,99.350000,95.800000,814.000000,39554875.000000,4.460000,-4.960000,-5.000000,39554875.000000
2015-04-30,95.400000,91.350000,95.400000,91.350000,1907.000000,87758250.000000,4.170000,-5.970000,-5.800000,87758250.000000
2015-05-04,112.000000,107.500000,110.000000,110.000000,762.000000,41627950.000000,4.890000,19.570000,18.000000,41627950.000000
2015-05-05,112.600000,110.000000,111.150000,111.700000,643.000000,35803200.000000,2.380000,2.240000,2.450000,35803200.000000
2015-05-06,113.850000,111.600000,113.500000,112.500000,402.000000,22607950.000000,2.020000,1.030000,1.150000,22607950.000000
2015-05-07,112.800000,110.350000,111.700000,110.950000,213.000000,11841075.000000,2.180000,-1.330000,-1.500000,11841075.000000
2015-05-08,114.900000,110.400000,111.000000,114.200000,610.000000,34427725.000000,4.050000,2.740000,3.050000,34427725.000000
2015-05-11,115.400000,113.350000,114.000000,113.900000,526.000000,30138925.000000,1.820000,0.930000,1.050000,30138925.000000
2015-05-12,115.100000,111.100000,115.100000,111.200000,362.000000,20357425.000000,3.490000,-2.920000,-3.350000,20357425.000000
2015-05-13,112.200000,110.100000,111.300000,110.200000,256.000000,14197750.000000,1.870000,-2.000000,-2.250000,14197750.000000
2015-05-14,113.600000,108.700000,108.700000,113.600000,341.000000,19105800.000000,4.420000,2.430000,2.700000,19105800.000000
2015-05-15,113.750000,112.800000,113.100000,113.650000,148.000000,8383975.000000,0.850000,1.430000,1.600000,8383975.000000
2015-05-18,113.600000,111.750000,113.600000,112.200000,146.000000,8201925.000000,1.630000,-0.930000,-1.050000,8201925.000000
2015-05-19,112.300000,111.050000,111.700000,111.750000,73.000000,4078650.000000,1.110000,-0.530000,-0.600000,4078650.000000
2015-05-20,111.750000,109.800000,110.600000,110.250000,221.000000,12234600.000000,1.750000,-1.300000,-1.450000,12234600.000000
2015-05-21,111.400000,109.900000,110.050000,110.550000,91.000000,5045375.000000,1.360000,-0.140000,-0.150000,5045375.000000
2015-05-22,111.000000,109.300000,110.800000,110.500000,160.000000,8803800.000000,1.530000,-0.320000,-0.350000,8803800.000000
2015-05-25,110.500000,108.800000,110.500000,109.250000,151.000000,8280850.000000,1.550000,-0.680000,-0.750000,8280850.000000
2015-05-26,110.400000,108.950000,109.850000,109.950000,191.000000,10480600.000000,1.320000,0.270000,0.300000,10480600.000000
2015-05-27,110.700000,105.150000,109.500000,105.800000,467.000000,24992025.000000,5.060000,-3.560000,-3.900000,24992025.000000
2015-05-28,106.900000,104.000000,106.000000,105.150000,384.000000,20255300.000000,2.710000,-1.730000,-1.850000,20255300.000000
2015-05-29,106.250000,104.000000,105.250000,105.000000,217.000000,11390700.000000,2.130000,-0.430000,-0.450000,11390700.000000
2015-06-01,106.300000,104.000000,105.150000,106.300000,213.000000,11249525.000000,2.190000,1.290000,1.350000,11249525.000000
2015-06-02,107.100000,105.900000,107.050000,106.750000,227.000000,12103250.000000,1.140000,1.090000,1.150000,12103250.000000
2015-06-03,106.600000,105.250000,106.600000,105.650000,130.000000,6874425.000000,1.270000,-0.890000,-0.950000,6874425.000000
2015-06-04,106.050000,105.050000,105.500000,105.850000,99.000000,5234075.000000,0.950000,0.090000,0.100000,5234075.000000
2015-06-05,105.950000,103.000000,105.550000,103.300000,225.000000,11759625.000000,2.790000,-2.270000,-2.400000,11759625.000000
2015-06-08,104.100000,103.150000,103.150000,103.600000,87.000000,4511025.000000,0.910000,-0.860000,-0.900000,4511025.000000
2015-06-09,103.850000,103.300000,103.650000,103.400000,135.000000,6993050.000000,0.530000,-0.290000,-0.300000,6993050.000000
2015-06-10,104.300000,103.150000,104.150000,103.550000,97.000000,5026550.000000,1.110000,-0.050000,-0.050000,5026550.000000
2015-06-11,104.500000,103.500000,103.600000,103.600000,122.000000,6340975.000000,0.970000,0.000000,0.000000,6340975.000000
2015-06-12,102.650000,100.150000,102.650000,100.700000,157.000000,7965875.000000,2.410000,-3.130000,-3.250000,7965875.000000
2015-06-15,101.850000,97.350000,101.750000,98.700000,258.000000,12814900.000000,4.440000,-2.710000,-2.750000,12814900.000000
2015-06-16,99.800000,98.450000,99.000000,98.950000,83.000000,4115600.000000,1.360000,-0.350000,-0.350000,4115600.000000
2015-06-17,100.050000,98.700000,98.700000,98.900000,66.000000,3278675.000000,1.360000,-0.250000,-0.250000,3278675.000000
2015-06-18,99.900000,98.500000,99.900000,98.500000,26.000000,1286625.000000,1.410000,-0.860000,-0.850000,1286625.000000
2015-06-19,103.800000,98.700000,98.900000,102.650000,321.000000,16392700.000000,5.150000,3.740000,3.700000,16392700.000000
2015-06-23,104.500000,102.150000,102.300000,103.250000,227.000000,11699325.000000,2.300000,1.130000,1.150000,11699325.000000
2015-06-24,103.250000,102.050000,102.800000,102.900000,50.000000,2566100.000000,1.160000,-0.150000,-0.150000,2566100.000000
2015-06-25,102.500000,101.000000,102.500000,101.000000,56.000000,2844825.000000,1.460000,-1.560000,-1.600000,2844825.000000
2015-06-26,101.650000,99.750000,101.500000,100.800000,132.000000,6642850.000000,1.870000,-0.790000,-0.800000,6642850.000000
2015-06-29,100.900000,96.100000,100.600000,96.100000,214.000000,10474775.000000,4.770000,-4.470000,-4.500000,10474775.000000
2015-06-30,98.800000,96.050000,97.050000,98.800000,230.000000,11192225.000000,2.810000,0.970000,0.950000,11192225.000000
2015-07-01,99.600000,96.050000,97.900000,97.850000,157.000000,7666425.000000,3.650000,0.570000,0.550000,7666425.000000
2015-07-02,97.450000,96.150000,97.300000,97.000000,103.000000,4990150.000000,1.330000,-0.670000,-0.650000,4990150.000000
2015-07-03,97.500000,96.450000,97.450000,97.350000,64.000000,3100275.000000,1.080000,0.520000,0.500000,3100275.000000
2015-07-06,96.850000,92.050000,96.350000,94.000000,294.000000,13852425.000000,4.960000,-2.940000,-2.850000,13852425.000000
2015-07-07,94.000000,92.000000,93.700000,92.000000,85.000000,3944175.000000,2.120000,-2.340000,-2.200000,3944175.000000
2015-07-08,90.600000,88.200000,88.250000,88.200000,53.000000,2364150.000000,2.590000,-4.960000,-4.600000,2364150.000000
2015-07-09,94.550000,90.250000,90.250000,91.500000,165.000000,7587975.000000,4.820000,2.580000,2.300000,7587975.000000
2015-07-10,94.000000,91.100000,91.350000,92.050000,176.000000,8151250.000000,3.150000,0.110000,0.100000,8151250.000000
2015-07-13,92.450000,88.550000,91.500000,92.450000,240.000000,10809875.000000,4.210000,-0.160000,-0.150000,10809875.000000
2015-07-14,93.850000,90.500000,91.600000,90.500000,264.000000,12178300.000000,3.720000,0.500000,0.450000,12178300.000000
2015-07-15,93.100000,89.600000,90.500000,90.250000,180.000000,8197775.000000,3.790000,-2.170000,-2.000000,8197775.000000
2015-07-16,90.800000,89.750000,90.000000,90.800000,64.000000,2895150.000000,1.150000,-0.270000,-0.250000,2895150.000000
2015-07-17,90.600000,89.700000,90.300000,89.700000,49.000000,2209250.000000,1.000000,-0.830000,-0.750000,2209250.000000
2015-07-20,91.000000,89.050000,89.050000,91.000000,39.000000,1756650.000000,2.160000,0.940000,0.850000,1756650.000000
2015-07-21,93.800000,90.200000,91.500000,90.450000,112.000000,5119925.000000,4.000000,0.440000,0.400000,5119925.000000
2015-07-22,90.800000,90.200000,90.550000,90.200000,22.000000,995150.000000,0.660000,-1.310000,-1.200000,995150.000000
2015-07-23,90.500000,89.500000,90.050000,89.500000,38.000000,1709825.000000,1.110000,-1.050000,-0.950000,1709825.000000
2015-07-24,91.000000,89.250000,90.000000,90.350000,48.000000,2169750.000000,1.950000,0.440000,0.400000,2169750.000000
2015-07-27,90.450000,89.600000,89.600000,89.650000,33.000000,1484400.000000,0.940000,-0.830000,-0.750000,1484400.000000
2015-07-28,89.850000,89.150000,89.300000,89.350000,46.000000,2054800.000000,0.780000,-0.670000,-0.600000,2054800.000000
2015-07-29,91.200000,89.150000,89.750000,90.000000,153.000000,6893175.000000,2.300000,0.780000,0.700000,6893175.000000
2015-07-30,90.600000,89.000000,90.600000,89.000000,62.000000,2781525.000000,1.780000,-1.220000,-1.100000,2781525.000000
2015-07-31,89.450000,88.350000,88.750000,89.250000,108.000000,4802900.000000,1.230000,-0.500000,-0.450000,4802900.000000
2015-08-03,90.000000,89.250000,89.250000,90.000000,45.000000,2019625.000000,0.840000,1.240000,1.100000,2019625.000000
2015-08-04,93.400000,90.100000,90.600000,92.100000,243.000000,11129675.000000,3.680000,2.620000,2.350000,11129675.000000
2015-08-05,92.750000,91.300000,92.350000,91.800000,121.000000,5568075.000000,1.580000,0.220000,0.200000,5568075.000000
2015-08-06,92.500000,90.000000,92.300000,90.000000,114.000000,5205200.000000,2.720000,-2.170000,-2.000000,5205200.000000
2015-08-07,90.150000,86.750000,90.100000,86.750000,179.000000,7860700.000000,3.720000,-4.980000,-4.550000,7860700.000000
2015-08-10,86.450000,82.800000,86.450000,84.050000,411.000000,17304700.000000,4.160000,-4.270000,-3.750000,17304700.000000
2015-08-11,85.900000,84.250000,85.450000,84.600000,219.000000,9330050.000000,1.960000,0.480000,0.400000,9330050.000000
2015-08-12,85.300000,84.050000,84.050000,84.350000,91.000000,3841425.000000,1.470000,-1.000000,-0.850000,3841425.000000
2015-08-13,85.600000,84.100000,85.250000,85.050000,108.000000,4579950.000000,1.780000,0.770000,0.650000,4579950.000000
2015-08-14,85.450000,84.100000,84.950000,84.300000,136.000000,5765550.000000,1.590000,-0.590000,-0.500000,5765550.000000
2015-08-17,84.650000,82.650000,82.650000,83.950000,105.000000,4413150.000000,2.360000,-0.940000,-0.800000,4413150.000000
2015-08-18,84.200000,83.000000,83.750000,83.050000,66.000000,2758800.000000,1.430000,-1.190000,-1.000000,2758800.000000
2015-08-19,82.850000,81.200000,82.450000,82.100000,101.000000,4150400.000000,1.970000,-1.790000,-1.500000,4150400.000000
2015-08-20,81.900000,81.150000,81.550000,81.200000,45.000000,1832775.000000,0.910000,-1.160000,-0.950000,1832775.000000
2015-08-21,81.650000,79.000000,81.650000,81.100000,85.000000,3436875.000000,3.250000,-0.430000,-0.350000,3436875.000000
2015-08-24,80.550000,78.200000,78.200000,79.150000,83.000000,3291825.000000,2.910000,-2.100000,-1.700000,3291825.000000
2015-08-25,83.250000,79.700000,81.100000,83.250000,143.000000,5860200.000000,4.480000,4.980000,3.950000,5860200.000000
2015-08-26,86.000000,84.350000,84.800000,85.600000,197.000000,8417350.000000,2.010000,4.450000,3.650000,8417350.000000
2015-08-27,85.350000,83.100000,85.300000,84.600000,76.000000,3202100.000000,2.630000,-0.990000,-0.850000,3202100.000000
2015-08-28,85.050000,81.850000,83.600000,83.000000,145.000000,6060225.000000,3.800000,-1.480000,-1.250000,6060225.000000
2015-08-31,82.200000,79.400000,82.200000,79.450000,206.000000,8243175.000000,3.350000,-4.910000,-4.100000,8243175.000000
2015-09-01,77.300000,77.300000,77.300000,77.300000,7.000000,270550.000000,0.000000,-3.380000,-2.700000,270550.000000
2015-09-07,78.600000,78.500000,78.600000,78.500000,3.000000,117800.000000,0.130000,1.550000,1.200000,117800.000000
2015-09-08,77.300000,76.300000,77.300000,76.300000,4.000000,153100.000000,1.270000,-2.800000,-2.200000,153100.000000
2015-09-09,72.000000,72.000000,72.000000,72.000000,6.000000,216000.000000,0.000000,-5.940000,-4.550000,216000.000000
2015-09-10,71.800000,71.800000,71.800000,71.800000,8.000000,287200.000000,0.000000,-0.280000,-0.200000,287200.000000
2015-09-14,76.000000,75.950000,76.000000,75.950000,34.000000,1291650.000000,0.070000,5.780000,4.150000,1291650.000000
2015-09-15,71.400000,71.400000,71.400000,71.400000,2.000000,71400.000000,0.000000,-5.990000,-4.550000,71400.000000
2015-09-16,75.650000,68.500000,69.000000,68.500000,11.000000,405050.000000,10.010000,-4.060000,-2.900000,405050.000000
2015-09-18,84.900000,83.000000,83.000000,84.900000,15.000000,630675.000000,2.530000,13.200000,9.900000,630675.000000
2015-09-21,88.400000,85.550000,88.400000,86.500000,19.000000,822375.000000,3.390000,2.910000,2.450000,822375.000000
2015-09-22,87.750000,86.250000,87.000000,87.000000,16.000000,696950.000000,1.730000,0.520000,0.450000,696950.000000
2015-09-23,89.500000,86.700000,86.700000,88.050000,57.000000,2511575.000000,3.210000,1.090000,0.950000,2511575.000000
2015-09-24,89.550000,89.350000,89.350000,89.500000,8.000000,357925.000000,0.230000,1.590000,1.400000,357925.000000
2015-09-25,92.700000,88.800000,89.500000,92.700000,17.000000,765075.000000,4.360000,3.630000,3.250000,765075.000000
2015-09-28,91.500000,87.300000,87.300000,89.750000,5.000000,224050.000000,4.670000,-0.280000,-0.250000,224050.000000
2015-09-29,91.450000,86.050000,86.050000,90.550000,18.000000,806825.000000,6.030000,1.060000,0.950000,806825.000000
2015-09-30,92.000000,91.950000,91.950000,92.000000,2.000000,91975.000000,0.060000,2.680000,2.400000,91975.000000
2015-10-08,93.850000,90.500000,92.500000,92.250000,35.000000,1611675.000000,3.640000,0.330000,0.300000,1611675.000000
2015-10-09,92.950000,88.300000,92.950000,88.300000,27.000000,1228750.000000,5.050000,-4.070000,-3.750000,1228750.000000
2015-10-12,91.400000,89.100000,89.150000,90.250000,20.000000,902300.000000,2.530000,-0.820000,-0.750000,902300.000000
2015-10-13,90.100000,89.300000,90.000000,89.350000,10.000000,448975.000000,0.890000,-0.940000,-0.850000,448975.000000
2015-10-14,90.450000,89.500000,90.450000,90.000000,5.000000,224750.000000,1.060000,0.280000,0.250000,224750.000000
2015-10-15,91.000000,90.000000,90.850000,90.000000,9.000000,407700.000000,1.110000,0.110000,0.100000,407700.000000
2015-10-16,91.450000,90.250000,91.450000,91.250000,4.000000,182200.000000,1.320000,0.720000,0.650000,182200.000000
2015-10-19,90.850000,90.050000,90.050000,90.850000,2.000000,90450.000000,0.880000,-0.270000,-0.250000,90450.000000
2015-10-20,90.800000,90.400000,90.800000,90.750000,8.000000,362500.000000,0.440000,0.330000,0.300000,362500.000000
2015-10-21,90.500000,90.200000,90.500000,90.450000,3.000000,135575.000000,0.330000,-0.170000,-0.150000,135575.000000
2015-10-23,91.000000,91.000000,91.000000,91.000000,1.000000,45500.000000,0.000000,0.720000,0.650000,45500.000000
2015-10-26,91.500000,90.050000,91.500000,90.500000,4.000000,181525.000000,1.590000,-0.550000,-0.500000,181525.000000
2015-10-27,87.950000,87.150000,87.150000,87.950000,5.000000,218675.000000,0.880000,-3.090000,-2.800000,218675.000000
2015-10-28,91.700000,89.950000,91.700000,90.150000,3.000000,135900.000000,2.000000,3.090000,2.700000,135900.000000
2015-10-29,90.000000,88.800000,90.000000,88.800000,55.000000,2451025.000000,1.320000,-1.990000,-1.800000,2451025.000000
2015-10-30,90.700000,88.000000,90.700000,88.800000,45.000000,2012025.000000,3.030000,-0.340000,-0.300000,2012025.000000
2015-11-02,91.500000,89.000000,91.500000,89.000000,17.000000,757750.000000,2.800000,-0.450000,-0.400000,757750.000000
2015-11-03,91.750000,91.750000,91.750000,91.750000,10.000000,458750.000000,0.000000,2.970000,2.650000,458750.000000
2015-11-04,87.000000,87.000000,87.000000,87.000000,2.000000,87000.000000,0.000000,-5.180000,-4.750000,87000.000000
2015-11-06,87.900000,87.900000,87.900000,87.900000,1.000000,43950.000000,0.000000,1.030000,0.900000,43950.000000
2015-11-10,82.650000,82.650000,82.650000,82.650000,1.000000,41325.000000,0.000000,-5.970000,-5.250000,41325.000000
2015-11-13,82.000000,82.000000,82.000000,82.000000,5.000000,205000.000000,0.000000,-0.790000,-0.650000,205000.000000
2015-11-17,90.250000,84.300000,84.300000,90.250000,2.000000,87275.000000,6.720000,1.980000,1.750000,87275.000000
2015-11-23,82.900000,82.900000,82.900000,82.900000,1.000000,41450.000000,0.000000,-4.990000,-4.350000,41450.000000
2015-11-24,86.950000,78.000000,78.000000,84.000000,22.000000,907000.000000,10.800000,1.330000,1.100000,907000.000000
2015-11-26,82.000000,82.000000,82.000000,82.000000,2.000000,82000.000000,0.000000,-0.550000,-0.450000,82000.000000
2015-11-30,86.050000,83.000000,86.050000,83.000000,4.000000,170575.000000,3.720000,1.220000,1.000000,170575.000000
2015-12-01,84.750000,83.000000,83.000000,84.500000,3.000000,126125.000000,2.050000,-0.880000,-0.750000,126125.000000
2015-12-02,84.000000,80.400000,80.400000,84.000000,2.000000,82200.000000,4.280000,-0.060000,-0.050000,82200.000000
2015-12-07,80.050000,80.000000,80.000000,80.050000,2.000000,80025.000000,0.060000,-2.620000,-2.150000,80025.000000
2015-12-10,83.900000,83.700000,83.900000,83.700000,4.000000,167600.000000,0.250000,4.630000,3.700000,167600.000000
2015-12-14,87.950000,85.950000,86.000000,87.950000,7.000000,303725.000000,2.390000,4.950000,4.150000,303725.000000
2015-12-15,85.000000,84.000000,84.000000,85.000000,3.000000,126500.000000,1.150000,-2.020000,-1.750000,126500.000000
2015-12-16,85.000000,85.000000,85.000000,85.000000,1.000000,42500.000000,0.000000,0.830000,0.700000,42500.000000
2015-12-18,80.800000,80.800000,80.800000,80.800000,2.000000,80800.000000,0.000000,-4.940000,-4.200000,80800.000000
2015-12-22,82.600000,82.550000,82.550000,82.600000,2.000000,82575.000000,0.060000,2.230000,1.800000,82575.000000
2015-12-25,77.900000,77.900000,77.900000,77.900000,1.000000,38950.000000,0.000000,-5.630000,-4.650000,38950.000000
2015-12-28,78.000000,78.000000,78.000000,78.000000,1.000000,39000.000000,0.000000,0.130000,0.100000,39000.000000
2015-12-29,81.900000,81.900000,81.900000,81.900000,1.000000,40950.000000,0.000000,5.000000,3.900000,40950.000000
2015-12-30,84.000000,84.000000,84.000000,84.000000,1.000000,42000.000000,0.000000,2.560000,2.100000,42000.000000
2015-12-31,83.400000,83.400000,83.400000,83.400000,5.000000,208500.000000,0.000000,-0.710000,-0.600000,208500.000000
2016-01-05,72.150000,72.150000,72.150000,72.150000,2.000000,72150.000000,0.000000,-13.490000,-11.250000,72150.000000
2016-04-20,83.250000,79.150000,83.250000,79.150000,2.000000,81200.000000,5.680000,9.700000,7.000000,81200.000000
2016-06-13,81.350000,74.600000,74.600000,81.000000,5.000000,199150.000000,8.310000,-0.250000,-0.200000,199150.000000
2016-06-14,79.200000,79.200000,79.200000,79.200000,1.000000,39600.000000,0.000000,-0.560000,-0.450000,39600.000000
2016-06-16,83.150000,80.600000,83.150000,83.150000,11.000000,454175.000000,3.220000,4.990000,3.950000,454175.000000
2016-06-17,86.450000,82.550000,86.450000,82.550000,2.000000,84500.000000,4.720000,0.000000,0.000000,84500.000000
2016-06-20,88.700000,84.250000,88.200000,88.700000,10.000000,439375.000000,5.270000,4.970000,4.200000,439375.000000
2016-06-21,92.200000,88.500000,91.900000,92.050000,14.000000,640400.000000,4.210000,4.780000,4.200000,640400.000000
2016-06-23,96.050000,87.000000,96.050000,90.950000,52.000000,2435750.000000,9.900000,-0.550000,-0.500000,2435750.000000
2016-06-24,92.550000,89.050000,89.050000,92.550000,3.000000,135325.000000,3.740000,-1.170000,-1.100000,135325.000000
2016-06-27,90.950000,85.800000,85.800000,90.200000,17.000000,756475.000000,5.710000,0.000000,0.000000,756475.000000
2016-06-28,89.900000,84.750000,86.000000,86.850000,31.000000,1342675.000000,5.790000,-2.360000,-2.100000,1342675.000000
2016-06-29,90.900000,84.100000,84.100000,90.900000,33.000000,1483725.000000,7.850000,4.970000,4.300000,1483725.000000
2016-06-30,94.100000,90.350000,93.700000,93.950000,35.000000,1613725.000000,4.170000,4.510000,4.050000,1613725.000000
2016-07-01,95.250000,91.500000,94.950000,93.550000,17.000000,795525.000000,4.070000,1.460000,1.350000,795525.000000
2016-07-04,97.900000,93.950000,93.950000,97.150000,32.000000,1537300.000000,4.220000,3.850000,3.600000,1537300.000000
2016-07-05,99.800000,92.050000,96.750000,95.900000,20.000000,962800.000000,8.070000,-0.160000,-0.150000,962800.000000
2016-07-06,96.500000,95.350000,96.500000,95.350000,2.000000,95925.000000,1.190000,-0.940000,-0.900000,95925.000000
2016-07-07,96.750000,91.600000,95.650000,92.250000,6.000000,283225.000000,5.370000,-3.810000,-3.650000,283225.000000
2016-07-08,92.750000,90.050000,92.400000,92.350000,5.000000,230000.000000,2.860000,-2.170000,-2.050000,230000.000000
2016-07-13,92.950000,92.950000,92.950000,92.950000,1.000000,46475.000000,0.000000,1.030000,0.950000,46475.000000
2016-07-14,93.750000,93.750000,93.750000,93.750000,1.000000,46875.000000,0.000000,0.860000,0.800000,46875.000000
2016-07-18,95.350000,91.550000,92.950000,95.350000,6.000000,280075.000000,4.050000,1.710000,1.600000,280075.000000
2016-07-20,94.800000,91.800000,94.800000,93.000000,7.000000,325950.000000,3.210000,-0.370000,-0.350000,325950.000000
2016-07-21,90.650000,90.650000,90.650000,90.650000,1.000000,45325.000000,0.000000,-2.630000,-2.450000,45325.000000
2016-07-22,92.700000,92.700000,92.700000,92.700000,1.000000,46350.000000,0.000000,2.260000,2.050000,46350.000000
2016-07-25,96.900000,89.400000,96.900000,93.450000,14.000000,651625.000000,8.090000,0.810000,0.750000,651625.000000
2016-07-27,91.900000,90.800000,90.800000,91.900000,2.000000,91350.000000,1.180000,-1.240000,-1.150000,91350.000000
2016-07-28,92.000000,87.600000,87.600000,92.000000,2.000000,89800.000000,4.820000,0.710000,0.650000,89800.000000
2016-08-01,94.000000,90.100000,94.000000,90.100000,2.000000,92050.000000,4.340000,0.330000,0.300000,92050.000000
2016-08-04,92.650000,92.650000,92.650000,92.650000,1.000000,46325.000000,0.000000,0.650000,0.600000,46325.000000
2016-08-05,91.000000,91.000000,91.000000,91.000000,1.000000,45500.000000,0.000000,-1.780000,-1.650000,45500.000000
2016-08-08,88.600000,88.600000,88.600000,88.600000,1.000000,44300.000000,0.000000,-2.640000,-2.400000,44300.000000
2016-08-09,91.500000,85.200000,85.200000,90.850000,18.000000,801600.000000,7.110000,2.540000,2.250000,801600.000000
2016-08-10,93.500000,92.300000,92.300000,93.500000,4.000000,186400.000000,1.350000,5.000000,4.450000,186400.000000
2016-08-12,95.450000,94.600000,95.400000,94.600000,3.000000,142725.000000,0.910000,1.500000,1.400000,142725.000000
2016-08-25,97.450000,91.750000,91.750000,94.000000,7.000000,331625.000000,5.990000,-1.210000,-1.150000,331625.000000
2016-09-01,99.450000,99.450000,99.450000,99.450000,1.000000,49725.000000,0.000000,4.960000,4.700000,49725.000000
2016-09-05,99.000000,95.100000,95.100000,96.050000,9.000000,438775.000000,3.920000,-3.420000,-3.400000,438775.000000
2016-09-07,98.950000,98.950000,98.950000,98.950000,2.000000,98950.000000,0.000000,1.490000,1.450000,98950.000000
2016-09-09,97.850000,95.550000,95.900000,97.850000,5.000000,240450.000000,2.320000,-1.110000,-1.100000,240450.000000
2016-09-21,97.900000,97.900000,97.900000,97.900000,1.000000,48950.000000,0.000000,1.820000,1.750000,48950.000000
2016-09-22,98.000000,97.500000,98.000000,97.500000,3.000000,146750.000000,0.510000,-0.410000,-0.400000,146750.000000
2016-09-26,97.700000,92.950000,92.950000,93.050000,3.000000,141850.000000,4.860000,-4.860000,-4.750000,141850.000000
2016-09-28,94.950000,93.150000,93.150000,94.950000,2.000000,94050.000000,1.900000,0.420000,0.400000,94050.000000
2016-10-17,97.500000,94.250000,97.500000,97.100000,5.000000,240875.000000,3.460000,3.240000,3.050000,240875.000000
2016-10-18,97.100000,97.100000,97.100000,97.100000,1.000000,48550.000000,0.000000,0.780000,0.750000,48550.000000
2016-10-19,97.050000,97.050000,97.050000,97.050000,1.000000,48525.000000,0.000000,-0.050000,-0.050000,48525.000000
2016-10-20,98.100000,97.250000,97.250000,98.100000,3.000000,146725.000000,0.880000,1.080000,1.050000,146725.000000
2016-10-24,98.050000,94.650000,98.050000,96.450000,7.000000,339575.000000,3.480000,-1.380000,-1.350000,339575.000000
2016-10-27,98.500000,93.500000,97.600000,97.950000,6.000000,291750.000000,5.150000,0.980000,0.950000,291750.000000
2016-11-02,93.150000,92.400000,93.150000,92.400000,8.000000,370325.000000,0.770000,-4.990000,-4.850000,370325.000000
2016-11-03,92.400000,92.400000,92.400000,92.400000,1.000000,46200.000000,0.000000,-0.160000,-0.150000,46200.000000
2016-11-04,92.800000,92.800000,92.800000,92.800000,1.000000,46400.000000,0.000000,0.430000,0.400000,46400.000000
2016-11-08,93.600000,93.550000,93.550000,93.600000,4.000000,187150.000000,0.050000,0.860000,0.800000,187150.000000
2016-11-09,94.550000,89.850000,94.550000,89.950000,4.000000,182150.000000,5.020000,-3.850000,-3.600000,182150.000000
2016-11-10,93.900000,86.500000,90.500000,93.200000,9.000000,407725.000000,8.130000,2.360000,2.150000,407725.000000
2016-11-11,93.800000,91.950000,92.050000,93.750000,8.000000,370725.000000,2.040000,3.480000,3.150000,370725.000000
2016-11-14,97.250000,93.800000,93.800000,97.250000,19.000000,916050.000000,3.720000,4.960000,4.600000,916050.000000
2016-11-15,104.100000,98.100000,98.450000,104.100000,334.000000,17061450.000000,6.220000,7.990000,7.700000,17061450.000000
2016-11-16,107.250000,104.100000,107.000000,107.250000,309.000000,16357200.000000,3.080000,4.990000,5.100000,16357200.000000
2016-11-17,114.300000,107.150000,108.250000,114.300000,583.000000,32672650.000000,6.750000,7.980000,8.450000,32672650.000000
2016-11-18,117.500000,111.500000,115.450000,116.900000,1307.000000,74856125.000000,5.350000,4.330000,4.850000,74856125.000000
2016-11-21,119.950000,115.950000,116.300000,118.250000,600.000000,35247850.000000,3.490000,3.280000,3.750000,35247850.000000
2016-11-22,119.400000,113.850000,117.650000,116.300000,1077.000000,62740000.000000,4.730000,-0.980000,-1.150000,62740000.000000
2016-11-23,119.200000,114.400000,116.150000,117.950000,364.000000,21320550.000000,4.120000,1.240000,1.450000,21320550.000000
2016-11-24,119.450000,116.400000,119.000000,116.400000,171.000000,10079850.000000,2.600000,-0.600000,-0.700000,10079850.000000
2016-11-25,116.750000,112.000000,116.000000,112.000000,237.000000,13438000.000000,4.030000,-4.960000,-5.850000,13438000.000000
2016-11-28,111.900000,108.000000,110.450000,109.500000,214.000000,11751400.000000,3.440000,-3.440000,-3.900000,11751400.000000
2016-11-29,110.950000,106.000000,108.850000,106.050000,152.000000,8194950.000000,4.510000,-3.420000,-3.750000,8194950.000000
2016-11-30,107.700000,103.000000,104.250000,103.950000,110.000000,5738600.000000,4.360000,-3.570000,-3.850000,5738600.000000
2016-12-01,106.950000,103.050000,105.650000,106.950000,94.000000,4942125.000000,3.740000,2.540000,2.650000,4942125.000000
2016-12-02,109.100000,104.450000,106.800000,106.400000,175.000000,9382275.000000,4.420000,1.190000,1.250000,9382275.000000
2016-12-05,107.950000,105.050000,105.200000,105.050000,68.000000,3623800.000000,2.710000,-2.010000,-2.150000,3623800.000000
2016-12-06,109.000000,105.650000,106.100000,107.650000,107.000000,5757975.000000,3.140000,1.030000,1.100000,5757975.000000
2016-12-07,112.700000,107.700000,107.700000,109.200000,198.000000,10912800.000000,4.650000,1.490000,1.600000,10912800.000000
2016-12-08,108.900000,106.000000,108.900000,108.050000,69.000000,3715575.000000,2.630000,-1.950000,-2.150000,3715575.000000
2016-12-09,106.250000,102.500000,106.250000,104.850000,151.000000,7840100.000000,3.480000,-2.600000,-2.800000,7840100.000000
2016-12-12,108.800000,104.550000,105.800000,108.100000,102.000000,5477275.000000,4.090000,4.140000,4.300000,5477275.000000
2016-12-13,111.000000,105.200000,111.000000,107.400000,94.000000,5115250.000000,5.400000,0.050000,0.050000,5115250.000000
2016-12-14,107.500000,104.100000,106.500000,105.700000,89.000000,4694375.000000,3.130000,-2.850000,-3.100000,4694375.000000
2016-12-15,106.600000,104.000000,104.150000,105.950000,60.000000,3170050.000000,2.470000,0.470000,0.500000,3170050.000000
2016-12-16,105.650000,102.150000,104.500000,104.350000,38.000000,1981700.000000,3.310000,-1.230000,-1.300000,1981700.000000
2016-12-19,104.450000,101.050000,104.200000,101.050000,65.000000,3361150.000000,3.260000,-3.120000,-3.250000,3361150.000000
2016-12-20,101.800000,98.250000,100.900000,98.250000,106.000000,5253850.000000,3.430000,-4.980000,-5.150000,5253850.000000
2016-12-21,98.900000,93.500000,98.900000,93.600000,110.000000,5207225.000000,5.450000,-5.550000,-5.500000,5207225.000000
2016-12-22,94.650000,91.350000,93.900000,92.000000,37.000000,1729300.000000,3.490000,-2.800000,-2.650000,1729300.000000
2016-12-23,94.500000,90.800000,90.800000,91.400000,67.000000,3097050.000000,3.960000,-2.190000,-2.050000,3097050.000000
2016-12-26,90.600000,88.800000,90.500000,89.200000,73.000000,3280075.000000,1.950000,-3.460000,-3.200000,3280075.000000
2016-12-27,92.700000,89.050000,89.050000,92.200000,62.000000,2832100.000000,4.060000,2.620000,2.350000,2832100.000000
2016-12-28,95.450000,89.300000,93.500000,93.000000,80.000000,3754850.000000,6.730000,1.810000,1.650000,3754850.000000
2016-12-29,92.600000,89.200000,91.650000,89.200000,143.000000,6455050.000000,3.620000,-4.950000,-4.650000,6455050.000000
2016-12-30,93.900000,85.750000,86.600000,85.800000,170.000000,7344950.000000,9.030000,-4.930000,-4.450000,7344950.000000
2017-01-03,86.400000,83.100000,86.400000,85.000000,3.000000,127250.000000,3.820000,-1.620000,-1.400000,127250.000000
2017-01-04,89.650000,89.000000,89.000000,89.650000,2.000000,89325.000000,0.770000,5.720000,4.850000,89325.000000
2017-01-05,94.650000,94.650000,94.650000,94.650000,1.000000,47325.000000,0.000000,5.990000,5.350000,47325.000000
2017-01-06,100.300000,95.000000,100.300000,95.000000,3.000000,146650.000000,5.600000,0.370000,0.350000,146650.000000
2017-01-09,85.950000,85.950000,85.950000,85.950000,1.000000,42975.000000,0.000000,-12.070000,-11.800000,42975.000000
2017-01-10,109.800000,109.800000,109.800000,109.800000,1.000000,54900.000000,0.000000,27.750000,23.850000,54900.000000
2017-01-11,116.000000,116.000000,116.000000,116.000000,1.000000,58000.000000,0.000000,5.650000,6.200000,58000.000000
2017-01-12,122.950000,115.000000,115.000000,122.950000,35.000000,2080050.000000,6.850000,5.990000,6.950000,2080050.000000
2017-01-13,125.950000,125.950000,125.950000,125.950000,1.000000,62975.000000,0.000000,5.970000,7.100000,62975.000000
2017-01-16,133.500000,130.000000,133.500000,130.000000,16.000000,1055750.000000,2.780000,3.220000,4.050000,1055750.000000
2017-01-18,114.350000,110.000000,110.050000,112.950000,42.000000,2359350.000000,3.690000,-4.200000,-4.950000,2359350.000000
2017-01-19,116.550000,112.100000,112.950000,112.950000,32.000000,1813125.000000,3.960000,0.530000,0.600000,1813125.000000
2017-01-20,109.550000,107.650000,109.050000,107.650000,22.000000,1191425.000000,1.680000,-4.990000,-5.650000,1191425.000000
2017-01-23,108.150000,100.750000,108.150000,102.000000,42.000000,2155650.000000,6.830000,-5.820000,-6.300000,2155650.000000
2017-01-24,102.950000,100.050000,100.100000,102.950000,48.000000,2436400.000000,2.830000,0.290000,0.300000,2436400.000000
2017-01-25,105.100000,98.700000,102.000000,101.500000,11.000000,563000.000000,6.310000,0.000000,0.000000,563000.000000
2017-01-26,102.000000,99.400000,102.000000,101.050000,18.000000,906000.000000,2.540000,-1.270000,-1.300000,906000.000000
2017-02-03,100.500000,96.100000,98.450000,100.000000,5.000000,247550.000000,4.370000,-0.650000,-0.650000,247550.000000
2017-02-06,103.950000,99.950000,100.000000,103.950000,46.000000,2371525.000000,4.040000,5.000000,4.950000,2371525.000000
2017-02-07,105.850000,103.850000,105.000000,105.000000,93.000000,4863875.000000,1.940000,1.840000,1.900000,4863875.000000
2017-02-08,105.950000,103.950000,105.000000,105.150000,11.000000,575550.000000,1.910000,0.570000,0.600000,575550.000000
2017-02-09,104.000000,103.000000,104.000000,103.000000,8.000000,413550.000000,0.960000,-1.530000,-1.600000,413550.000000
2017-02-10,103.950000,101.550000,103.950000,101.600000,16.000000,820850.000000,2.320000,-1.690000,-1.750000,820850.000000
2017-02-13,105.300000,101.750000,102.400000,103.500000,28.000000,1454325.000000,3.460000,0.880000,0.900000,1454325.000000
2017-02-14,105.000000,102.350000,103.250000,103.800000,25.000000,1299950.000000,2.550000,-0.050000,-0.050000,1299950.000000
2017-02-15,102.550000,100.050000,102.050000,102.550000,21.000000,1069050.000000,2.410000,-1.350000,-1.400000,1069050.000000
2017-02-16,104.850000,101.250000,103.250000,101.950000,34.000000,1738950.000000,3.540000,0.150000,0.150000,1738950.000000
2017-02-17,104.000000,100.800000,104.000000,101.900000,29.000000,1486775.000000,3.130000,-0.340000,-0.350000,1486775.000000
2017-02-20,102.000000,100.250000,102.000000,101.550000,8.000000,405800.000000,1.710000,-0.930000,-0.950000,405800.000000
2017-02-21,105.850000,100.650000,102.300000,101.450000,53.000000,2744550.000000,5.130000,0.000000,0.000000,2744550.000000
2017-02-22,102.000000,100.550000,101.400000,101.950000,6.000000,304250.000000,1.400000,-1.550000,-1.600000,304250.000000
2017-02-23,102.800000,99.800000,101.000000,100.050000,19.000000,958675.000000,2.960000,-1.330000,-1.350000,958675.000000
2017-02-24,100.850000,98.100000,98.100000,99.650000,27.000000,1346775.000000,2.730000,-1.240000,-1.250000,1346775.000000
2017-02-27,102.000000,96.450000,98.150000,99.100000,38.000000,1887525.000000,5.560000,-0.650000,-0.650000,1887525.000000
2017-02-28,100.900000,94.350000,96.000000,94.350000,51.000000,2524750.000000,6.600000,-4.980000,-4.950000,2524750.000000
2017-03-06,103.500000,103.500000,103.500000,103.500000,1.000000,51750.000000,0.000000,4.550000,4.500000,51750.000000
2017-03-07,105.000000,105.000000,105.000000,105.000000,3.000000,157500.000000,0.000000,1.450000,1.500000,157500.000000
2017-03-09,99.000000,99.000000,99.000000,99.000000,2.000000,99000.000000,0.000000,-5.710000,-6.000000,99000.000000
2017-03-13,93.100000,93.100000,93.100000,93.100000,1.000000,46550.000000,0.000000,-5.960000,-5.900000,46550.000000
2017-04-05,98.850000,98.850000,98.850000,98.850000,1.000000,49425.000000,0.000000,6.180000,5.750000,49425.000000
2017-04-11,110.950000,104.450000,110.950000,104.450000,8.000000,433800.000000,6.580000,5.670000,5.600000,433800.000000
2017-04-13,108.000000,108.000000,108.000000,108.000000,1.000000,54000.000000,0.000000,-0.410000,-0.450000,54000.000000
2017-04-14,108.000000,108.000000,108.000000,108.000000,1.000000,54000.000000,0.000000,0.000000,0.000000,54000.000000
2017-04-24,102.600000,102.600000,102.600000,102.600000,2.000000,102600.000000,0.000000,-5.000000,-5.400000,102600.000000
2017-04-26,100.000000,100.000000,100.000000,100.000000,1.000000,50000.000000,0.000000,-2.530000,-2.600000,50000.000000
2017-04-28,95.000000,95.000000,95.000000,95.000000,1.000000,47500.000000,0.000000,-5.000000,-5.000000,47500.000000
2017-05-16,99.050000,99.050000,99.050000,99.050000,1.000000,49525.000000,0.000000,4.260000,4.050000,49525.000000
2017-06-06,121.450000,121.450000,121.450000,121.450000,3.000000,182175.000000,0.000000,22.610000,22.400000,182175.000000
2017-06-07,127.500000,115.550000,115.550000,127.500000,5.000000,305900.000000,9.840000,4.980000,6.050000,305900.000000
2017-06-08,128.450000,117.000000,117.000000,125.950000,59.000000,3693625.000000,9.360000,2.940000,3.600000,3693625.000000
2017-06-09,125.150000,123.050000,123.050000,124.150000,3.000000,186175.000000,1.680000,-0.840000,-1.050000,186175.000000
2017-06-12,127.800000,122.000000,127.800000,122.000000,2.000000,124900.000000,4.670000,-1.690000,-2.100000,124900.000000
2017-06-15,124.700000,122.350000,122.350000,124.700000,2.000000,123525.000000,1.880000,-0.160000,-0.200000,123525.000000
2017-06-20,123.650000,118.000000,122.850000,120.400000,9.000000,547975.000000,4.570000,-2.510000,-3.100000,547975.000000
2017-06-22,122.000000,122.000000,122.000000,122.000000,1.000000,61000.000000,0.000000,0.210000,0.250000,61000.000000
2017-06-23,105.200000,105.150000,105.200000,105.150000,5.000000,262975.000000,0.040000,-13.810000,-16.850000,262975.000000
2017-06-26,115.500000,103.650000,115.500000,106.900000,39.000000,2127100.000000,11.270000,1.660000,1.750000,2127100.000000
2017-06-27,107.400000,107.400000,107.400000,107.400000,1.000000,53700.000000,0.000000,-1.510000,-1.650000,53700.000000
2017-06-28,109.150000,106.050000,109.150000,106.050000,3.000000,162175.000000,2.890000,-1.260000,-1.350000,162175.000000
2017-06-29,108.750000,107.650000,107.650000,108.600000,8.000000,433375.000000,1.020000,0.460000,0.500000,433375.000000
2017-06-30,108.750000,108.750000,108.750000,108.750000,1.000000,54375.000000,0.000000,0.420000,0.450000,54375.000000
2017-07-03,108.650000,108.500000,108.500000,108.650000,3.000000,162875.000000,0.140000,-0.090000,-0.100000,162875.000000
2017-07-04,108.300000,108.300000,108.300000,108.300000,1.000000,54150.000000,0.000000,-0.230000,-0.250000,54150.000000
2017-07-05,121.350000,120.000000,121.350000,120.000000,2.000000,120675.000000,1.250000,10.800000,11.700000,120675.000000
2017-07-31,113.500000,113.500000,113.500000,113.500000,1.000000,56750.000000,0.000000,-5.930000,-7.150000,56750.000000
2017-08-02,119.150000,107.850000,119.150000,107.850000,2.000000,113500.000000,9.960000,-4.980000,-5.650000,113500.000000
2017-08-03,115.000000,107.850000,115.000000,111.100000,4.000000,224475.000000,6.300000,-2.110000,-2.400000,224475.000000
2017-08-23,106.600000,106.600000,106.600000,106.600000,1.000000,53300.000000,0.000000,-4.990000,-5.600000,53300.000000
2017-10-18,120.000000,114.950000,114.950000,120.000000,5.000000,293750.000000,4.740000,12.570000,13.400000,293750.000000
2017-10-19,121.250000,120.000000,120.000000,121.150000,5.000000,302050.000000,1.060000,3.110000,3.650000,302050.000000
2017-10-27,122.950000,118.250000,122.950000,120.600000,3.000000,180900.000000,3.890000,-0.170000,-0.200000,180900.000000
2017-10-30,123.000000,118.400000,123.000000,120.000000,3.000000,180700.000000,3.810000,-0.500000,-0.600000,180700.000000
2017-11-01,126.450000,122.400000,122.400000,126.450000,15.000000,936675.000000,3.360000,4.980000,6.000000,936675.000000
2017-11-02,128.450000,125.250000,126.550000,125.250000,17.000000,1075475.000000,2.560000,0.320000,0.400000,1075475.000000
2017-11-03,127.600000,125.000000,125.000000,126.500000,8.000000,506975.000000,2.060000,0.000000,0.000000,506975.000000
2017-11-09,127.500000,127.500000,127.500000,127.500000,2.000000,127500.000000,0.000000,0.630000,0.800000,127500.000000
2017-11-10,127.500000,127.500000,127.500000,127.500000,3.000000,191250.000000,0.000000,0.000000,0.000000,191250.000000
2017-11-13,127.450000,121.750000,124.600000,127.350000,8.000000,500150.000000,4.470000,-0.120000,-0.150000,500150.000000
2017-11-17,131.250000,131.250000,131.250000,131.250000,1.000000,65625.000000,0.000000,5.000000,6.250000,65625.000000
2017-11-20,135.850000,131.000000,135.850000,131.000000,6.000000,398150.000000,3.700000,-0.190000,-0.250000,398150.000000
2017-12-04,132.950000,126.100000,126.100000,132.750000,9.000000,591500.000000,5.160000,0.040000,0.050000,591500.000000
2017-12-05,129.550000,128.600000,129.550000,128.650000,6.000000,387250.000000,0.720000,-2.090000,-2.750000,387250.000000
2017-12-06,134.350000,128.500000,134.350000,129.500000,23.000000,1510400.000000,4.530000,0.350000,0.450000,1510400.000000
2017-12-11,132.550000,129.450000,129.450000,132.550000,2.000000,131000.000000,2.360000,0.950000,1.250000,131000.000000
2017-12-18,133.100000,124.800000,133.100000,129.850000,7.000000,456375.000000,6.340000,-0.880000,-1.150000,456375.000000
2017-12-20,131.650000,129.800000,129.900000,129.800000,3.000000,195675.000000,1.420000,-0.420000,-0.550000,195675.000000
2017-12-29,129.200000,128.850000,129.200000,129.100000,6.000000,387050.000000,0.270000,-1.030000,-1.350000,387050.000000
2018-01-02,131.300000,128.750000,130.150000,131.300000,13.000000,848050.000000,1.980000,1.780000,2.300000,848050.000000
2018-01-03,130.750000,129.700000,130.750000,129.700000,2.000000,130225.000000,0.800000,-0.570000,-0.750000,130225.000000
2018-01-04,129.200000,129.200000,129.200000,129.200000,1.000000,64600.000000,0.000000,-0.770000,-1.000000,64600.000000
2018-01-05,131.850000,130.900000,130.900000,131.850000,3.000000,196875.000000,0.740000,2.050000,2.650000,196875.000000
2018-01-08,131.000000,131.000000,131.000000,131.000000,1.000000,65500.000000,0.000000,-0.190000,-0.250000,65500.000000
2018-01-12,131.500000,131.500000,131.500000,131.500000,2.000000,131500.000000,0.000000,0.380000,0.500000,131500.000000
2020-02-19,165.550000,165.500000,165.550000,165.500000,3.000000,248300.000000,0.040000,25.860000,34.000000,248300.000000
2020-02-20,165.550000,165.550000,165.550000,165.550000,4.000000,331100.000000,0.000000,0.030000,0.050000,331100.000000
2020-02-21,173.800000,172.550000,172.550000,173.800000,2.000000,173175.000000,0.760000,4.980000,8.250000,173175.000000
2020-02-24,184.700000,160.150000,160.150000,176.500000,3.000000,260675.000000,14.180000,1.930000,3.350000,260675.000000
2020-02-25,181.150000,168.050000,176.500000,168.050000,7.000000,622350.000000,7.540000,-3.280000,-5.700000,622350.000000
2020-02-26,182.850000,171.050000,171.050000,182.850000,2.000000,176950.000000,6.640000,2.840000,5.050000,176950.000000
2020-02-27,180.050000,168.150000,180.050000,173.000000,17.000000,1465150.000000,6.730000,-2.230000,-3.950000,1465150.000000
2020-02-28,180.850000,164.700000,164.700000,180.750000,7.000000,609025.000000,9.370000,4.870000,8.400000,609025.000000
2020-03-02,184.400000,184.100000,184.100000,184.400000,4.000000,368500.000000,0.170000,5.980000,10.400000,368500.000000
2020-03-05,247.300000,247.300000,247.300000,247.300000,1.000000,123650.000000,0.000000,34.220000,63.050000,123650.000000
2020-03-11,184.100000,175.050000,184.050000,184.100000,13.000000,1181325.000000,3.660000,-25.560000,-63.200000,1181325.000000
2020-03-12,189.950000,181.700000,189.950000,181.700000,9.000000,836475.000000,4.540000,0.000000,0.000000,836475.000000
2020-03-13,194.950000,183.500000,183.500000,190.200000,14.000000,1321850.000000,6.160000,2.340000,4.350000,1321850.000000
2020-03-16,194.000000,180.800000,194.000000,180.800000,8.000000,754200.000000,6.990000,-4.240000,-8.000000,754200.000000
2020-03-17,190.800000,184.050000,188.650000,185.050000,9.000000,845575.000000,3.580000,-1.860000,-3.500000,845575.000000
2020-03-18,191.250000,186.050000,191.250000,186.050000,14.000000,1329750.000000,2.770000,-0.980000,-1.850000,1329750.000000
2020-03-19,184.150000,181.050000,182.000000,184.150000,9.000000,822375.000000,1.630000,-3.050000,-5.800000,822375.000000
2020-03-20,186.850000,173.650000,183.000000,173.650000,19.000000,1698475.000000,7.220000,-4.980000,-9.100000,1698475.000000
2020-03-23,165.000000,164.450000,164.450000,164.450000,6.000000,493625.000000,0.310000,-8.000000,-14.300000,493625.000000
2020-03-24,159.600000,148.050000,148.050000,152.250000,11.000000,834700.000000,7.020000,-7.450000,-12.250000,834700.000000
2020-03-25,159.300000,148.950000,148.950000,159.300000,15.000000,1180975.000000,6.820000,4.980000,7.550000,1180975.000000
2020-03-26,170.000000,169.500000,169.500000,170.000000,8.000000,679750.000000,0.320000,7.970000,12.550000,679750.000000
2020-03-27,186.850000,157.900000,186.800000,185.350000,100.000000,8834600.000000,17.040000,9.090000,15.450000,8834600.000000
2020-03-30,185.450000,167.850000,168.350000,185.450000,23.000000,2046250.000000,9.960000,4.980000,8.800000,2046250.000000
2020-03-31,192.100000,177.450000,191.850000,185.000000,56.000000,5334450.000000,8.230000,3.990000,7.100000,5334450.000000
2020-04-02,230.500000,230.500000,230.500000,230.500000,17.000000,1959250.000000,0.000000,21.000000,40.000000,1959250.000000
2020-04-07,170.650000,154.450000,154.450000,167.950000,18.000000,1511625.000000,7.030000,-27.140000,-62.550000,1511625.000000
2020-04-08,176.200000,161.350000,168.400000,175.300000,49.000000,4241975.000000,8.840000,4.380000,7.350000,4241975.000000
2020-04-09,181.750000,172.300000,177.000000,175.100000,22.000000,1934275.000000,5.460000,1.160000,2.000000,1934275.000000
2020-04-10,179.350000,173.500000,177.000000,175.600000,33.000000,2903150.000000,3.330000,-0.110000,-0.200000,2903150.000000
2020-04-13,179.800000,176.100000,176.200000,176.100000,3.000000,266050.000000,2.100000,0.110000,0.200000,266050.000000
2020-04-14,175.500000,175.050000,175.100000,175.300000,10.000000,876200.000000,0.250000,-1.160000,-2.050000,876200.000000
2020-04-15,183.950000,176.500000,179.050000,183.950000,32.000000,2906950.000000,4.250000,4.990000,8.750000,2906950.000000
2020-04-16,190.700000,183.450000,183.450000,190.600000,87.000000,8221225.000000,3.990000,4.930000,8.950000,8221225.000000
2020-04-17,198.350000,187.500000,190.800000,198.000000,74.000000,7223450.000000,5.740000,4.790000,9.050000,7223450.000000
2020-04-20,204.950000,199.950000,199.950000,204.900000,54.000000,5505075.000000,2.560000,4.970000,9.700000,5505075.000000
2020-04-21,213.900000,194.000000,205.000000,194.000000,252.000000,25757600.000000,9.760000,-4.830000,-9.850000,25757600.000000
2020-04-22,196.000000,194.200000,194.200000,194.200000,29.000000,2818175.000000,0.880000,-4.990000,-10.200000,2818175.000000
2020-04-23,204.400000,180.100000,183.950000,197.100000,100.000000,9766125.000000,12.500000,1.410000,2.750000,9766125.000000
2020-04-24,202.850000,196.150000,202.350000,202.550000,53.000000,5314275.000000,3.430000,3.710000,7.250000,5314275.000000
2020-04-27,202.550000,192.150000,199.050000,195.400000,126.000000,12460250.000000,5.190000,-2.540000,-5.100000,12460250.000000
2020-04-28,206.950000,190.200000,195.950000,205.950000,111.000000,11188625.000000,8.470000,4.150000,8.200000,11188625.000000
2020-04-29,211.600000,202.450000,202.450000,211.600000,48.000000,5034175.000000,4.540000,4.990000,10.050000,5034175.000000
2020-04-30,226.500000,216.400000,216.400000,226.500000,111.000000,12413800.000000,4.820000,7.990000,16.750000,12413800.000000
2020-05-07,189.850000,186.200000,186.350000,186.450000,4.000000,374425.000000,1.630000,-16.630000,-37.200000,374425.000000
2020-05-11,185.050000,185.050000,185.050000,185.050000,2.000000,185050.000000,0.000000,-1.150000,-2.150000,185050.000000
2020-05-20,179.000000,179.000000,179.000000,179.000000,2.000000,179000.000000,0.000000,-3.270000,-6.050000,179000.000000
2020-05-25,198.900000,198.900000,198.900000,198.900000,1.000000,99450.000000,0.000000,11.120000,19.900000,99450.000000
2020-05-27,208.800000,189.000000,189.000000,208.800000,6.000000,614625.000000,9.950000,4.980000,9.900000,614625.000000
2020-05-28,214.000000,213.900000,214.000000,213.900000,2.000000,213950.000000,0.050000,4.420000,9.050000,213950.000000
2020-05-29,224.600000,214.200000,224.600000,214.200000,4.000000,444000.000000,4.860000,0.120000,0.250000,444000.000000
2020-06-03,185.900000,177.750000,185.900000,185.900000,3.000000,274775.000000,3.670000,-16.260000,-36.100000,274775.000000
2020-06-18,192.300000,191.000000,191.000000,192.300000,3.000000,287800.000000,0.710000,5.000000,9.150000,287800.000000
2020-07-01,201.400000,192.300000,201.400000,192.300000,3.000000,293000.000000,4.740000,0.230000,0.450000,293000.000000
2020-07-02,200.000000,200.000000,200.000000,200.000000,1.000000,100000.000000,0.000000,2.410000,4.700000,100000.000000
2020-07-08,207.650000,194.350000,194.350000,207.650000,7.000000,703250.000000,6.650000,3.830000,7.650000,703250.000000
2020-07-13,210.900000,210.550000,210.550000,210.900000,2.000000,210725.000000,0.170000,4.980000,10.000000,210725.000000
2020-07-14,227.550000,211.000000,227.250000,227.150000,13.000000,1453800.000000,7.850000,7.810000,16.450000,1453800.000000
2020-07-15,232.700000,215.150000,230.850000,226.000000,6.000000,684475.000000,7.850000,1.050000,2.350000,684475.000000
2020-07-21,237.200000,235.000000,235.000000,237.200000,2.000000,236100.000000,0.960000,3.970000,9.050000,236100.000000
2020-07-23,236.100000,236.100000,236.100000,236.100000,4.000000,472200.000000,0.000000,0.000000,0.000000,472200.000000
2020-08-03,267.700000,267.700000,267.700000,267.700000,1.000000,133850.000000,0.000000,13.380000,31.600000,133850.000000
2020-08-04,294.450000,294.450000,294.450000,294.450000,1.000000,147225.000000,0.000000,9.990000,26.750000,147225.000000
2020-08-19,224.400000,224.400000,224.400000,224.400000,1.000000,112200.000000,0.000000,-23.790000,-70.050000,112200.000000
2020-09-22,217.550000,217.550000,217.550000,217.550000,1.000000,108775.000000,0.000000,-3.050000,-6.850000,108775.000000
2020-09-23,228.300000,206.700000,206.700000,210.750000,3.000000,322875.000000,9.930000,-3.130000,-6.800000,322875.000000
2020-10-16,226.000000,204.500000,226.000000,204.500000,8.000000,853550.000000,9.990000,-4.990000,-10.750000,853550.000000
2020-10-19,221.850000,202.700000,202.700000,209.000000,12.000000,1245550.000000,8.980000,-2.040000,-4.350000,1245550.000000
2020-10-21,204.100000,202.000000,204.050000,202.000000,4.000000,406800.000000,1.010000,-2.670000,-5.550000,406800.000000
2020-10-22,196.550000,193.250000,196.550000,193.250000,8.000000,774725.000000,1.620000,-4.990000,-10.150000,774725.000000
2020-10-23,183.850000,178.200000,178.200000,183.850000,2.000000,181025.000000,2.920000,-5.060000,-9.800000,181025.000000
2020-10-26,199.100000,163.150000,163.500000,199.100000,17.000000,1580300.000000,19.860000,10.000000,18.100000,1580300.000000
2020-10-27,195.150000,195.150000,195.150000,195.150000,7.000000,683025.000000,0.000000,4.980000,9.250000,683025.000000
2020-10-28,210.750000,195.650000,210.750000,195.650000,2.000000,203200.000000,7.740000,0.260000,0.500000,203200.000000
2020-10-29,200.800000,200.800000,200.800000,200.800000,1.000000,100400.000000,0.000000,-1.180000,-2.400000,100400.000000
2020-10-30,195.250000,195.250000,195.250000,195.250000,1.000000,97625.000000,0.000000,-2.760000,-5.550000,97625.000000
2020-11-02,205.000000,205.000000,205.000000,205.000000,2.000000,205000.000000,0.000000,4.990000,9.750000,205000.000000
2020-11-04,215.250000,200.200000,200.200000,215.250000,3.000000,315350.000000,7.340000,5.000000,10.250000,315350.000000
2020-11-12,226.400000,226.400000,226.400000,226.400000,2.000000,226400.000000,0.000000,7.710000,16.200000,226400.000000
2020-11-17,237.600000,237.600000,237.600000,237.600000,2.000000,237600.000000,0.000000,4.950000,11.200000,237600.000000
2020-11-18,256.600000,224.150000,256.450000,256.500000,13.000000,1632325.000000,13.660000,7.950000,18.900000,1632325.000000
2020-11-19,263.500000,263.500000,263.500000,263.500000,1.000000,131750.000000,0.000000,4.940000,12.400000,131750.000000
2020-11-23,298.750000,298.750000,298.750000,298.750000,1.000000,149375.000000,0.000000,13.380000,35.250000,149375.000000
2020-11-24,328.450000,300.000000,328.450000,300.000000,10.000000,1628000.000000,9.520000,0.420000,1.250000,1628000.000000
2020-11-26,237.500000,237.500000,237.500000,237.500000,1.000000,118750.000000,0.000000,-27.060000,-88.100000,118750.000000
2021-04-22,288.600000,277.500000,288.200000,288.600000,17.000000,2442375.000000,4.670000,21.520000,51.100000,2442375.000000
2021-04-23,301.650000,288.450000,299.850000,301.600000,31.000000,4633400.000000,4.590000,4.980000,14.300000,4633400.000000
2021-04-26,313.750000,306.050000,308.850000,312.000000,14.000000,2178325.000000,2.580000,4.380000,13.100000,2178325.000000
2021-04-27,326.700000,300.050000,315.000000,316.000000,15.000000,2380800.000000,8.570000,1.560000,4.850000,2380800.000000
2021-04-28,333.250000,303.150000,332.600000,329.450000,13.000000,2122975.000000,9.480000,3.800000,12.050000,2122975.000000
2021-04-29,352.450000,346.300000,346.900000,346.300000,18.000000,3134900.000000,1.880000,6.030000,19.700000,3134900.000000
2021-04-30,348.300000,330.900000,331.050000,348.300000,13.000000,2211875.000000,5.000000,0.000000,0.000000,2211875.000000
2021-05-07,210.600000,202.050000,202.050000,210.600000,5.000000,513650.000000,2.510000,-38.100000,-129.650000,513650.000000
2021-09-10,241.350000,218.450000,230.150000,241.350000,4.000000,460025.000000,11.150000,17.470000,35.900000,460025.000000
2021-09-13,241.500000,241.350000,241.350000,241.500000,4.000000,482850.000000,0.070000,5.000000,11.500000,482850.000000
2021-09-14,253.450000,230.200000,230.200000,236.750000,35.000000,4232550.000000,9.630000,-1.930000,-4.650000,4232550.000000
2021-09-15,235.750000,229.800000,235.750000,231.900000,14.000000,1621950.000000,2.460000,-4.110000,-9.950000,1621950.000000
2021-09-16,242.950000,222.100000,223.550000,234.350000,9.000000,1047625.000000,9.000000,1.140000,2.650000,1047625.000000
2021-09-17,244.350000,244.350000,244.350000,244.350000,1.000000,122175.000000,0.000000,4.960000,11.550000,122175.000000
2021-09-22,232.650000,232.150000,232.650000,232.250000,3.000000,348525.000000,0.200000,-4.950000,-12.100000,348525.000000
2021-09-23,243.950000,243.950000,243.950000,243.950000,1.000000,121975.000000,0.000000,4.990000,11.600000,121975.000000
2021-09-29,256.000000,256.000000,256.000000,256.000000,1.000000,128000.000000,0.000000,4.940000,12.050000,128000.000000
2022-03-10,390.100000,390.100000,390.100000,390.100000,4.000000,780200.000000,0.000000,52.380000,134.100000,780200.000000
2022-06-23,414.800000,376.100000,376.100000,378.500000,9.000000,1736225.000000,9.920000,-2.970000,-11.600000,1736225.000000
2022-06-27,400.000000,399.950000,399.950000,400.000000,5.000000,999925.000000,0.010000,3.680000,14.200000,999925.000000