2020-10-12,5832.000000,5750.000000,5798.000000,5832.000000,51327.000000,1490536080.000000,0.000000,0.000000,0.000000,1490536080.000000
2020-10-13,6042.000000,5900.000000,5932.000000,6042.000000,538024.000000,16162241024.000000,2.440000,4.030000,234.000000,16162241024.000000
2020-10-14,6138.000000,5992.000000,6054.000000,6104.000000,309822.000000,9393803008.000000,2.430000,1.600000,96.000000,9393803008.000000
2020-10-15,6270.000000,6112.000000,6126.000000,6266.000000,559919.000000,17368687360.000000,2.610000,3.330000,202.000000,17368687360.000000
2020-10-16,6454.000000,6224.000000,6224.000000,6454.000000,1300979.000000,41254044160.000000,3.710000,4.030000,250.000000,41254044160.000000
2020-10-19,6596.000000,6432.000000,6462.000000,6596.000000,1458246.000000,47655479296.000000,2.590000,4.010000,254.000000,47655479296.000000
2020-10-20,6618.000000,6482.000000,6602.000000,6564.000000,1388290.000000,45438731776.000000,2.080000,0.430000,28.000000,45438731776.000000
2020-10-21,6586.000000,6488.000000,6536.000000,6500.000000,794840.000000,25975371264.000000,1.500000,-0.700000,-46.000000,25975371264.000000
2020-10-22,6546.000000,6274.000000,6530.000000,6274.000000,1221706.000000,38923553280.000000,4.160000,-4.010000,-262.000000,38923553280.000000
2020-10-23,6314.000000,6214.000000,6252.000000,6238.000000,646077.000000,20254513920.000000,1.570000,-2.100000,-134.000000,20254513920.000000
2020-10-26,6326.000000,6228.000000,6236.000000,6254.000000,479646.000000,15046494976.000000,1.560000,-0.260000,-16.000000,15046494976.000000
2020-10-27,6286.000000,6136.000000,6218.000000,6144.000000,453060.000000,14072043520.000000,2.390000,-2.070000,-130.000000,14072043520.000000
2020-10-28,6206.000000,6126.000000,6150.000000,6178.000000,356361.000000,10979482368.000000,1.290000,-0.550000,-34.000000,10979482368.000000
2020-10-29,6176.000000,6052.000000,6130.000000,6058.000000,315482.000000,9647439616.000000,2.010000,-1.690000,-104.000000,9647439616.000000
2020-10-30,6102.000000,5990.000000,6008.000000,6016.000000,237954.000000,7190969856.000000,1.830000,-1.640000,-100.000000,7190969856.000000
2020-11-02,6172.000000,6008.000000,6010.000000,6094.000000,380653.000000,11640368640.000000,2.710000,0.830000,50.000000,11640368640.000000
2020-11-03,6162.000000,6074.000000,6118.000000,6076.000000,195213.000000,5979374080.000000,1.440000,-0.650000,-40.000000,5979374080.000000
2020-11-04,6114.000000,6026.000000,6110.000000,6066.000000,157732.000000,4795052800.000000,1.440000,-0.980000,-60.000000,4795052800.000000
2020-11-05,6100.000000,5966.000000,6080.000000,5982.000000,159705.000000,4818299904.000000,2.200000,-1.610000,-98.000000,4818299904.000000
2020-11-06,6004.000000,5854.000000,5990.000000,5888.000000,263988.000000,7819324672.000000,2.490000,-2.420000,-146.000000,7819324672.000000
2020-11-09,5926.000000,5858.000000,5880.000000,5902.000000,153150.000000,4513330432.000000,1.150000,-0.370000,-22.000000,4513330432.000000
2020-11-10,6124.000000,5944.000000,6038.000000,6006.000000,334924.000000,10091260160.000000,3.050000,1.900000,112.000000,10091260160.000000
2020-11-11,6112.000000,6002.000000,6022.000000,6066.000000,217347.000000,6598654976.000000,1.830000,0.660000,40.000000,6598654976.000000
2020-11-12,6136.000000,6038.000000,6080.000000,6048.000000,194634.000000,5924658944.000000,1.610000,-0.400000,-24.000000,5924658944.000000
2020-11-13,6070.000000,5934.000000,6040.000000,5956.000000,168873.000000,5059435008.000000,2.230000,-2.170000,-132.000000,5059435008.000000
2020-11-16,5990.000000,5894.000000,5904.000000,5964.000000,175421.000000,5208249600.000000,1.600000,-0.470000,-28.000000,5208249600.000000
2020-11-17,6032.000000,5940.000000,5990.000000,5968.000000,158023.000000,4731208704.000000,1.550000,0.510000,30.000000,4731208704.000000
2020-11-18,6024.000000,5922.000000,5960.000000,6000.000000,149577.000000,4473848064.000000,1.700000,0.200000,12.000000,4473848064.000000
2020-11-19,6032.000000,5974.000000,6030.000000,5994.000000,105680.000000,3170400000.000000,0.970000,0.200000,12.000000,3170400000.000000
2020-11-20,6050.000000,5972.000000,6000.000000,6006.000000,149135.000000,4488963584.000000,1.300000,0.100000,6.000000,4488963584.000000
2020-11-23,6080.000000,5990.000000,6002.000000,6040.000000,108810.000000,3280621504.000000,1.500000,0.330000,20.000000,3280621504.000000
2020-11-24,6108.000000,6026.000000,6048.000000,6100.000000,162979.000000,4948042496.000000,1.360000,1.160000,70.000000,4948042496.000000
2020-11-25,6144.000000,6066.000000,6094.000000,6100.000000,142038.000000,4336420096.000000,1.280000,0.460000,28.000000,4336420096.000000
2020-11-26,6130.000000,6046.000000,6100.000000,6064.000000,101462.000000,3091547136.000000,1.380000,-0.690000,-42.000000,3091547136.000000
2020-11-27,6100.000000,6040.000000,6054.000000,6096.000000,77786.000000,2360805104.000000,0.980000,0.030000,2.000000,2360805104.000000
2020-11-30,6130.000000,6006.000000,6104.000000,6016.000000,121528.000000,3692020640.000000,2.040000,-0.890000,-54.000000,3692020640.000000
2020-12-01,6062.000000,6012.000000,6030.000000,6030.000000,62963.000000,1900223344.000000,0.820000,-0.760000,-46.000000,1900223344.000000
2020-12-02,6052.000000,5942.000000,6036.000000,5946.000000,103446.000000,3096138784.000000,1.820000,-1.490000,-90.000000,3096138784.000000
2020-12-03,6014.000000,5908.000000,5944.000000,5988.000000,108400.000000,3237908000.000000,1.770000,0.030000,2.000000,3237908000.000000
2020-12-04,6098.000000,5964.000000,5990.000000,6092.000000,169067.000000,5105823488.000000,2.240000,1.980000,118.000000,5105823488.000000
2020-12-07,6250.000000,6072.000000,6106.000000,6248.000000,183565.000000,5657473280.000000,2.950000,3.440000,208.000000,5657473280.000000
2020-12-08,6286.000000,6168.000000,6244.000000,6182.000000,167934.000000,5234502912.000000,1.910000,0.290000,18.000000,5234502912.000000
2020-12-09,6264.000000,6150.000000,6200.000000,6192.000000,126151.000000,3918250064.000000,1.830000,-0.670000,-42.000000,3918250064.000000
2020-12-10,6240.000000,6160.000000,6198.000000,6166.000000,101269.000000,3140351696.000000,1.290000,-0.740000,-46.000000,3140351696.000000
2020-12-11,6270.000000,6160.000000,6184.000000,6228.000000,137450.000000,4266448000.000000,1.770000,0.420000,26.000000,4266448000.000000
2020-12-14,6362.000000,6222.000000,6222.000000,6344.000000,168282.000000,5309297152.000000,2.260000,2.190000,136.000000,5309297152.000000
2020-12-15,6362.000000,6200.000000,6362.000000,6278.000000,109640.000000,3448178000.000000,2.570000,-0.510000,-32.000000,3448178000.000000
2020-12-16,6312.000000,6246.000000,6290.000000,6270.000000,60191.000000,1889997408.000000,1.050000,-0.320000,-20.000000,1889997408.000000
2020-12-17,6338.000000,6268.000000,6282.000000,6338.000000,77862.000000,2454988864.000000,1.110000,0.920000,58.000000,2454988864.000000
2020-12-18,6392.000000,6284.000000,6338.000000,6318.000000,95235.000000,3019901856.000000,1.710000,0.190000,12.000000,3019901856.000000
2020-12-21,6336.000000,6208.000000,6320.000000,6266.000000,84230.000000,2641452800.000000,2.020000,-1.200000,-76.000000,2641452800.000000
2020-12-22,6304.000000,6162.000000,6266.000000,6216.000000,112532.000000,3513249040.000000,2.260000,-0.890000,-56.000000,3513249040.000000
2020-12-23,6262.000000,6130.000000,6238.000000,6226.000000,92850.000000,2883921008.000000,2.110000,-0.290000,-18.000000,2883921008.000000
2020-12-24,6290.000000,6216.000000,6260.000000,6290.000000,54709.000000,1711844608.000000,1.190000,1.260000,78.000000,1711844608.000000
2020-12-25,6340.000000,6262.000000,6284.000000,6304.000000,90907.000000,2867206784.000000,1.250000,0.740000,46.000000,2867206784.000000
2020-12-28,6328.000000,6232.000000,6322.000000,6256.000000,84325.000000,2646118496.000000,1.520000,-0.820000,-52.000000,2646118496.000000
2020-12-29,6286.000000,6162.000000,6282.000000,6184.000000,79914.000000,2486124544.000000,1.980000,-1.470000,-92.000000,2486124544.000000
2020-12-30,6282.000000,6180.000000,6186.000000,6282.000000,85557.000000,2669378400.000000,1.640000,0.960000,60.000000,2669378400.000000
2020-12-31,6450.000000,6252.000000,6286.000000,6422.000000,154007.000000,4900502784.000000,3.170000,2.920000,182.000000,4900502784.000000
2021-01-04,6560.000000,6400.000000,6400.000000,6538.000000,81076.000000,2631726960.000000,2.510000,2.730000,174.000000,2631726960.000000
2021-01-05,6696.000000,6514.000000,6522.000000,6594.000000,242893.000000,8022755840.000000,2.800000,1.570000,102.000000,8022755840.000000
2021-01-06,6746.000000,6580.000000,6610.000000,6714.000000,199265.000000,6649473024.000000,2.510000,1.630000,108.000000,6649473024.000000
2021-01-07,6866.000000,6666.000000,6702.000000,6848.000000,166757.000000,5644724480.000000,3.000000,2.610000,174.000000,5644724480.000000
2021-01-08,6910.000000,6724.000000,6844.000000,6804.000000,177939.000000,6071278592.000000,2.750000,0.500000,34.000000,6071278592.000000
2021-01-11,6818.000000,6548.000000,6814.000000,6572.000000,231048.000000,7700829952.000000,3.960000,-3.690000,-252.000000,7700829952.000000
2021-01-12,6662.000000,6512.000000,6576.000000,6646.000000,115900.000000,3817746000.000000,2.250000,-0.300000,-20.000000,3817746000.000000
2021-01-13,6772.000000,6626.000000,6660.000000,6726.000000,152543.000000,5113241344.000000,2.220000,2.090000,138.000000,5113241344.000000
2021-01-14,6738.000000,6592.000000,6712.000000,6596.000000,140959.000000,4692525056.000000,2.180000,-1.610000,-108.000000,4692525056.000000
2021-01-15,6682.000000,6546.000000,6582.000000,6576.000000,133221.000000,4404286208.000000,2.040000,-1.230000,-82.000000,4404286208.000000
2021-01-18,6652.000000,6534.000000,6576.000000,6626.000000,107559.000000,3549447008.000000,1.780000,0.210000,14.000000,3549447008.000000
2021-01-19,6784.000000,6602.000000,6626.000000,6644.000000,188263.000000,6299279872.000000,2.760000,0.670000,44.000000,6299279872.000000
2021-01-20,6712.000000,6608.000000,6656.000000,6658.000000,105982.000000,3533439888.000000,1.550000,-0.510000,-34.000000,3533439888.000000
2021-01-21,6728.000000,6610.000000,6662.000000,6614.000000,131373.000000,4389171968.000000,1.770000,-0.810000,-54.000000,4389171968.000000
2021-01-22,6656.000000,6476.000000,6614.000000,6494.000000,153163.000000,5032936192.000000,2.690000,-2.810000,-188.000000,5032936192.000000
2021-01-25,6538.000000,6456.000000,6456.000000,6512.000000,90273.000000,2934775232.000000,1.250000,-0.910000,-60.000000,2934775232.000000
2021-01-26,6580.000000,6440.000000,6512.000000,6454.000000,75969.000000,2480387856.000000,2.150000,-0.740000,-48.000000,2480387856.000000
2021-01-27,6548.000000,6440.000000,6468.000000,6538.000000,80911.000000,2625561952.000000,1.650000,0.120000,8.000000,2625561952.000000
2021-01-28,6546.000000,6424.000000,6508.000000,6458.000000,92218.000000,2987863200.000000,1.880000,-0.490000,-32.000000,2987863200.000000
2021-01-29,6624.000000,6466.000000,6470.000000,6618.000000,109238.000000,3575359744.000000,2.440000,2.130000,138.000000,3575359744.000000
2021-02-01,6766.000000,6602.000000,6632.000000,6724.000000,124583.000000,4168547184.000000,2.510000,2.720000,178.000000,4168547184.000000
2021-02-02,6808.000000,6710.000000,6750.000000,6748.000000,122483.000000,4142375056.000000,1.460000,0.840000,56.000000,4142375056.000000
2021-02-03,6832.000000,6668.000000,6782.000000,6706.000000,144204.000000,4872653056.000000,2.420000,-0.860000,-58.000000,4872653056.000000
2021-02-04,6798.000000,6690.000000,6724.000000,6792.000000,87938.000000,2967028128.000000,1.600000,0.500000,34.000000,2967028128.000000
2021-02-05,6820.000000,6738.000000,6786.000000,6776.000000,84605.000000,2869801600.000000,1.220000,0.410000,28.000000,2869801600.000000
2021-02-08,7036.000000,6790.000000,6794.000000,7004.000000,197240.000000,6842255616.000000,3.630000,3.240000,220.000000,6842255616.000000
2021-02-09,7118.000000,6982.000000,7008.000000,7098.000000,155634.000000,5484542208.000000,1.960000,2.310000,160.000000,5484542208.000000
2021-02-10,7144.000000,7040.000000,7096.000000,7144.000000,117712.000000,4175244640.000000,1.480000,1.360000,96.000000,4175244640.000000
2021-02-18,7734.000000,7350.000000,7350.000000,7734.000000,171281.000000,6520667648.000000,5.410000,9.020000,640.000000,6520667648.000000
2021-02-19,7762.000000,7490.000000,7702.000000,7594.000000,266154.000000,10153775104.000000,3.570000,-0.260000,-20.000000,10153775104.000000
2021-02-22,8078.000000,7530.000000,7594.000000,8024.000000,298198.000000,11731109376.000000,7.180000,5.160000,394.000000,11731109376.000000
2021-02-23,8236.000000,7908.000000,7998.000000,7968.000000,326422.000000,13167863552.000000,4.170000,1.270000,100.000000,13167863552.000000
2021-02-24,8142.000000,7910.000000,7970.000000,8040.000000,259723.000000,10443461888.000000,2.880000,-0.350000,-28.000000,10443461888.000000
2021-02-25,8526.000000,8070.000000,8158.000000,8506.000000,403889.000000,16846210304.000000,5.670000,5.770000,464.000000,16846210304.000000
2021-02-26,8578.000000,8260.000000,8508.000000,8362.000000,355427.000000,14959922432.000000,3.810000,0.240000,20.000000,14959922432.000000
2021-03-01,8400.000000,7928.000000,8304.000000,8046.000000,522283.000000,21246472448.000000,5.610000,-4.420000,-372.000000,21246472448.000000
2021-03-02,8062.000000,7712.000000,8016.000000,7824.000000,371043.000000,14622804736.000000,4.300000,-3.830000,-312.000000,14622804736.000000
2021-03-03,7998.000000,7726.000000,7880.000000,7788.000000,290389.000000,11426807040.000000,3.450000,-1.190000,-94.000000,11426807040.000000
2021-03-04,7840.000000,7580.000000,7836.000000,7720.000000,344548.000000,13278880000.000000,3.300000,-1.910000,-150.000000,13278880000.000000
2021-03-05,7874.000000,7616.000000,7700.000000,7780.000000,416678.000000,16167106304.000000,3.350000,0.930000,72.000000,16167106304.000000
2021-03-08,8090.000000,7808.000000,7832.000000,7920.000000,340200.000000,13516145920.000000,3.630000,2.060000,160.000000,13516145920.000000
2021-03-09,7900.000000,7600.000000,7900.000000,7600.000000,248490.000000,9658806272.000000,3.780000,-4.350000,-346.000000,9658806272.000000
2021-03-10,7684.000000,7306.000000,7640.000000,7370.000000,332635.000000,12457180672.000000,4.860000,-5.200000,-404.000000,12457180672.000000
2021-03-11,7596.000000,7354.000000,7418.000000,7578.000000,266319.000000,9917719552.000000,3.230000,1.170000,88.000000,9917719552.000000
2021-03-12,7692.000000,7502.000000,7578.000000,7548.000000,277590.000000,10540092416.000000,2.550000,1.340000,100.000000,10540092416.000000
2021-03-15,7618.000000,7384.000000,7540.000000,7436.000000,250308.000000,9384046848.000000,3.080000,-2.080000,-158.000000,9384046848.000000
2021-03-16,7468.000000,7136.000000,7394.000000,7162.000000,284911.000000,10413497088.000000,4.430000,-4.480000,-336.000000,10413497088.000000
2021-03-17,7278.000000,7114.000000,7154.000000,7228.000000,204396.000000,7362343936.000000,2.240000,-1.120000,-82.000000,7362343936.000000
2021-03-18,7286.000000,7124.000000,7172.000000,7264.000000,201682.000000,7284753920.000000,2.250000,0.830000,60.000000,7284753920.000000
2021-03-19,7352.000000,6954.000000,7256.000000,7014.000000,370591.000000,13311628800.000000,5.510000,-2.910000,-210.000000,13311628800.000000
2021-03-22,7248.000000,6994.000000,7018.000000,7206.000000,210196.000000,7493487360.000000,3.540000,0.310000,22.000000,7493487360.000000
2021-03-23,7284.000000,7136.000000,7220.000000,7208.000000,197358.000000,7120676608.000000,2.080000,1.090000,78.000000,7120676608.000000
2021-03-24,7230.000000,7060.000000,7108.000000,7158.000000,236125.000000,8436746240.000000,2.360000,-0.800000,-58.000000,8436746240.000000
2021-03-25,7222.000000,7014.000000,7200.000000,7018.000000,186811.000000,6656076032.000000,2.910000,-1.790000,-128.000000,6656076032.000000
2021-03-26,7014.000000,6810.000000,6982.000000,6974.000000,305234.000000,10573305856.000000,2.860000,-2.130000,-152.000000,10573305856.000000
2021-03-29,7042.000000,6828.000000,6960.000000,6838.000000,221619.000000,7701260288.000000,3.090000,-1.300000,-90.000000,7701260288.000000
2021-03-30,6938.000000,6846.000000,6880.000000,6880.000000,158484.000000,5458189056.000000,1.320000,-1.010000,-70.000000,5458189056.000000
2021-03-31,6972.000000,6824.000000,6830.000000,6870.000000,167867.000000,5786375424.000000,2.150000,-0.260000,-18.000000,5786375424.000000
2021-04-01,6866.000000,6722.000000,6802.000000,6824.000000,194809.000000,6621558016.000000,2.090000,-1.020000,-70.000000,6621558016.000000
2021-04-02,7028.000000,6810.000000,6810.000000,7018.000000,195070.000000,6749422080.000000,3.210000,3.240000,220.000000,6749422080.000000
2021-04-06,7076.000000,6954.000000,6976.000000,7042.000000,101608.000000,3570505120.000000,1.760000,1.760000,122.000000,3570505120.000000
2021-04-07,7152.000000,6938.000000,7044.000000,7010.000000,150964.000000,5324500224.000000,3.040000,-0.260000,-18.000000,5324500224.000000
2021-04-08,7046.000000,6890.000000,7000.000000,6918.000000,116465.000000,4061134544.000000,2.210000,-1.930000,-136.000000,4061134544.000000
2021-04-09,6980.000000,6830.000000,6930.000000,6834.000000,117878.000000,4072684896.000000,2.150000,-2.010000,-140.000000,4072684896.000000
2021-04-12,6862.000000,6652.000000,6836.000000,6700.000000,156382.000000,5281020160.000000,3.040000,-3.040000,-210.000000,5281020160.000000
2021-04-13,6746.000000,6624.000000,6722.000000,6654.000000,103395.000000,3456494848.000000,1.810000,-1.480000,-100.000000,3456494848.000000
2021-04-14,6794.000000,6618.000000,6652.000000,6774.000000,122274.000000,4097401744.000000,2.630000,1.320000,88.000000,4097401744.000000
2021-04-15,6922.000000,6778.000000,6778.000000,6908.000000,111609.000000,3824840432.000000,2.150000,3.070000,206.000000,3824840432.000000
2021-04-16,7012.000000,6870.000000,6908.000000,6986.000000,82007.000000,2851383392.000000,2.070000,1.930000,132.000000,2851383392.000000
2021-04-19,7274.000000,7124.000000,7242.000000,7172.000000,182516.000000,6566925568.000000,2.160000,3.130000,218.000000,6566925568.000000
2021-04-20,7290.000000,7178.000000,7178.000000,7222.000000,206565.000000,7475587328.000000,1.560000,0.360000,26.000000,7475587328.000000
2021-04-21,7218.000000,6946.000000,7200.000000,6992.000000,238205.000000,8370523648.000000,3.760000,-3.400000,-246.000000,8370523648.000000
2021-04-22,7070.000000,6918.000000,6946.000000,7006.000000,191350.000000,6701076992.000000,2.160000,-0.310000,-22.000000,6701076992.000000
2021-04-23,7130.000000,6960.000000,7018.000000,7128.000000,226811.000000,7986015232.000000,2.430000,1.770000,124.000000,7986015232.000000
2021-04-26,7180.000000,6960.000000,7128.000000,6962.000000,236600.000000,8359077888.000000,3.120000,-1.140000,-80.000000,8359077888.000000
2021-04-27,7066.000000,6866.000000,6946.000000,7016.000000,242783.000000,8436709376.000000,2.830000,-0.710000,-50.000000,8436709376.000000
2021-04-28,7078.000000,6984.000000,7016.000000,7066.000000,218558.000000,7693241600.000000,1.350000,1.670000,116.000000,7693241600.000000
2021-04-29,7250.000000,7058.000000,7070.000000,7238.000000,218462.000000,7825308928.000000,2.730000,2.810000,198.000000,7825308928.000000
2021-04-30,7350.000000,7096.000000,7272.000000,7152.000000,209129.000000,7545374208.000000,3.550000,-0.170000,-12.000000,7545374208.000000
2021-05-06,7392.000000,7178.000000,7250.000000,7332.000000,98506.000000,3605319600.000000,2.970000,1.610000,116.000000,3605319600.000000
2021-05-07,7438.000000,7272.000000,7332.000000,7334.000000,192238.000000,7080125440.000000,2.270000,0.190000,14.000000,7080125440.000000
2021-05-10,7430.000000,7258.000000,7326.000000,7316.000000,173416.000000,6362632960.000000,2.340000,-0.680000,-50.000000,6362632960.000000
2021-05-11,7336.000000,7170.000000,7316.000000,7176.000000,149219.000000,5401727744.000000,2.260000,-2.210000,-162.000000,5401727744.000000
2021-05-12,7340.000000,7148.000000,7168.000000,7336.000000,130402.000000,4721856512.000000,2.650000,1.330000,96.000000,4721856512.000000
2021-05-13,7402.000000,7024.000000,7338.000000,7064.000000,206867.000000,7492722688.000000,5.220000,-2.460000,-178.000000,7492722688.000000
2021-05-14,7184.000000,6880.000000,7148.000000,6908.000000,251882.000000,8818388736.000000,4.200000,-4.640000,-336.000000,8818388736.000000
2021-05-17,7060.000000,6930.000000,6968.000000,6976.000000,195417.000000,6827869952.000000,1.860000,-0.370000,-26.000000,6827869952.000000
2021-05-18,7082.000000,6934.000000,6976.000000,7050.000000,160992.000000,5650819328.000000,2.120000,0.890000,62.000000,5650819328.000000
2021-05-19,7074.000000,6904.000000,7056.000000,6962.000000,168846.000000,5891036928.000000,2.420000,-0.830000,-58.000000,5891036928.000000
2021-05-20,6954.000000,6730.000000,6954.000000,6910.000000,215693.000000,7389642240.000000,3.210000,-0.970000,-68.000000,7389642240.000000
2021-05-21,7006.000000,6846.000000,6882.000000,6906.000000,162930.000000,5637378048.000000,2.340000,0.790000,54.000000,5637378048.000000
2021-05-24,6988.000000,6834.000000,6952.000000,6952.000000,194716.000000,6725490688.000000,2.230000,0.460000,32.000000,6725490688.000000
2021-05-25,7042.000000,6902.000000,6954.000000,6990.000000,172307.000000,6020406528.000000,2.030000,1.190000,82.000000,6020406528.000000
2021-05-26,7028.000000,6858.000000,6978.000000,6926.000000,159463.000000,5541339136.000000,2.430000,-0.890000,-62.000000,5541339136.000000
2021-05-27,6928.000000,6772.000000,6900.000000,6782.000000,172355.000000,5911776512.000000,2.240000,-2.420000,-168.000000,5911776512.000000
2021-05-28,6942.000000,6742.000000,6758.000000,6868.000000,172714.000000,5918908672.000000,2.920000,0.120000,8.000000,5918908672.000000
2021-05-31,6984.000000,6826.000000,6868.000000,6972.000000,160950.000000,5559213056.000000,2.310000,1.720000,118.000000,5559213056.000000
2021-06-01,7112.000000,6972.000000,6990.000000,7100.000000,174694.000000,6150975744.000000,2.030000,2.780000,192.000000,6150975744.000000
2021-06-02,7172.000000,6974.000000,7144.000000,7018.000000,144411.000000,5106372864.000000,2.810000,-0.340000,-24.000000,5106372864.000000
2021-06-03,7148.000000,7008.000000,7026.000000,7102.000000,131549.000000,4659465472.000000,1.980000,0.420000,30.000000,4659465472.000000
2021-06-04,7084.000000,6892.000000,7080.000000,6988.000000,177115.000000,6188398080.000000,2.710000,-1.360000,-96.000000,6188398080.000000
2021-06-07,7076.000000,6916.000000,7060.000000,6922.000000,157811.000000,5518650624.000000,2.290000,-0.940000,-66.000000,5518650624.000000
2021-06-08,6976.000000,6858.000000,6946.000000,6888.000000,118530.000000,4094026208.000000,1.690000,-1.520000,-106.000000,4094026208.000000
2021-06-09,6956.000000,6852.000000,6888.000000,6936.000000,114614.000000,3959913696.000000,1.510000,0.410000,28.000000,3959913696.000000
2021-06-10,6980.000000,6860.000000,6934.000000,6878.000000,103347.000000,3568571904.000000,1.740000,-0.460000,-32.000000,3568571904.000000
2021-06-11,6998.000000,6842.000000,6902.000000,6980.000000,147250.000000,5091905024.000000,2.260000,1.070000,74.000000,5091905024.000000
2021-06-15,7040.000000,6888.000000,7028.000000,6974.000000,98009.000000,3408753024.000000,2.200000,0.840000,58.000000,3408753024.000000
2021-06-16,7106.000000,6956.000000,6976.000000,7076.000000,153602.000000,5405254400.000000,2.160000,1.730000,120.000000,5405254400.000000
2021-06-17,7112.000000,6992.000000,7068.000000,7056.000000,141790.000000,4998097408.000000,1.710000,0.260000,18.000000,4998097408.000000
2021-06-18,7056.000000,6890.000000,7052.000000,6890.000000,149519.000000,5204756480.000000,2.350000,-2.270000,-160.000000,5204756480.000000
2021-06-21,6972.000000,6884.000000,6890.000000,6888.000000,92975.000000,3218794496.000000,1.260000,-1.060000,-74.000000,3218794496.000000
2021-06-22,7048.000000,6848.000000,6870.000000,7048.000000,117607.000000,4091547536.000000,2.890000,1.790000,124.000000,4091547536.000000
2021-06-23,7100.000000,6992.000000,7048.000000,7098.000000,116939.000000,4122099744.000000,1.550000,2.010000,140.000000,4122099744.000000
2021-06-24,7246.000000,7108.000000,7118.000000,7242.000000,192124.000000,6893409024.000000,1.960000,2.720000,192.000000,6893409024.000000
2021-06-25,7400.000000,7192.000000,7212.000000,7322.000000,255356.000000,9340922368.000000,2.900000,2.030000,146.000000,9340922368.000000
2021-06-28,7360.000000,7232.000000,7316.000000,7326.000000,162176.000000,5921045760.000000,1.750000,0.140000,10.000000,5921045760.000000
2021-06-29,7330.000000,7154.000000,7330.000000,7190.000000,142464.000000,5157196800.000000,2.410000,-1.530000,-112.000000,5157196800.000000
2021-06-30,7256.000000,7174.000000,7230.000000,7194.000000,103469.000000,3733161520.000000,1.130000,-0.640000,-46.000000,3733161520.000000
2021-07-01,7260.000000,7136.000000,7206.000000,7198.000000,147741.000000,5318675968.000000,1.720000,-0.250000,-18.000000,5318675968.000000
2021-07-02,7320.000000,7204.000000,7266.000000,7238.000000,149093.000000,5407603200.000000,1.610000,0.530000,38.000000,5407603200.000000
2021-07-05,7462.000000,7240.000000,7260.000000,7444.000000,175513.000000,6471164416.000000,3.060000,2.620000,190.000000,6471164416.000000
2021-07-06,7596.000000,7432.000000,7462.000000,7520.000000,183553.000000,6905263872.000000,2.220000,1.980000,146.000000,6905263872.000000
2021-07-07,7500.000000,7170.000000,7498.000000,7256.000000,289780.000000,10579867904.000000,4.390000,-3.560000,-268.000000,10579867904.000000
2021-07-08,7276.000000,7126.000000,7260.000000,7166.000000,181452.000000,6523199488.000000,2.050000,-1.860000,-136.000000,6523199488.000000
2021-07-09,7252.000000,7164.000000,7168.000000,7210.000000,113193.000000,4080607648.000000,1.220000,0.280000,20.000000,4080607648.000000
2021-07-12,7316.000000,7186.000000,7238.000000,7198.000000,146656.000000,5317746688.000000,1.800000,-0.170000,-12.000000,5317746688.000000
2021-07-13,7330.000000,7164.000000,7190.000000,7322.000000,115220.000000,4180181600.000000,2.290000,0.970000,70.000000,4180181600.000000
2021-07-14,7326.000000,7222.000000,7298.000000,7312.000000,168919.000000,6150340864.000000,1.430000,0.770000,56.000000,6150340864.000000
2021-07-15,7346.000000,7132.000000,7332.000000,7190.000000,156348.000000,5642599424.000000,2.940000,-1.260000,-92.000000,5642599424.000000
2021-07-16,7250.000000,7152.000000,7190.000000,7226.000000,114395.000000,4122795808.000000,1.360000,0.110000,8.000000,4122795808.000000
2021-07-19,7290.000000,7170.000000,7254.000000,7278.000000,169897.000000,6150271488.000000,1.660000,0.970000,70.000000,6150271488.000000
2021-07-20,7218.000000,7030.000000,7210.000000,7098.000000,210016.000000,7474469376.000000,2.600000,-1.960000,-142.000000,7474469376.000000
2021-07-21,7298.000000,7064.000000,7064.000000,7276.000000,178481.000000,6416391936.000000,3.290000,2.220000,158.000000,6416391936.000000
2021-07-22,7422.000000,7282.000000,7304.000000,7388.000000,205811.000000,7571786752.000000,1.950000,2.750000,198.000000,7571786752.000000
2021-07-23,7408.000000,7310.000000,7386.000000,7362.000000,137890.000000,5077109760.000000,1.330000,0.050000,4.000000,5077109760.000000
2021-07-26,7404.000000,7256.000000,7366.000000,7280.000000,146359.000000,5364057344.000000,2.010000,-1.140000,-84.000000,5364057344.000000
2021-07-27,7396.000000,7262.000000,7308.000000,7276.000000,168634.000000,6182122496.000000,1.830000,-0.740000,-54.000000,6182122496.000000
2021-07-28,7296.000000,7212.000000,7276.000000,7232.000000,115635.000000,4192925104.000000,1.150000,-1.360000,-100.000000,4192925104.000000
2021-07-29,7308.000000,7216.000000,7238.000000,7300.000000,115746.000000,4206209648.000000,1.270000,0.660000,48.000000,4206209648.000000
2021-07-30,7516.000000,7310.000000,7346.000000,7422.000000,256364.000000,9523922688.000000,2.830000,2.120000,154.000000,9523922688.000000
2021-08-02,7518.000000,7372.000000,7456.000000,7450.000000,181611.000000,6772274176.000000,1.970000,0.270000,20.000000,6772274176.000000
2021-08-03,7500.000000,7366.000000,7450.000000,7382.000000,154579.000000,5733335040.000000,1.800000,-1.020000,-76.000000,5733335040.000000
2021-08-04,7384.000000,7252.000000,7340.000000,7350.000000,145762.000000,5326143488.000000,1.780000,-0.920000,-68.000000,5326143488.000000
2021-08-05,7330.000000,7138.000000,7310.000000,7144.000000,156674.000000,5677865728.000000,2.630000,-2.240000,-164.000000,5677865728.000000
2021-08-06,7248.000000,7136.000000,7174.000000,7232.000000,113609.000000,4086515728.000000,1.550000,-0.220000,-16.000000,4086515728.000000
2021-08-09,7266.000000,7106.000000,7232.000000,7166.000000,124736.000000,4478022400.000000,2.220000,-0.390000,-28.000000,4478022400.000000
2021-08-10,7216.000000,7128.000000,7140.000000,7206.000000,83071.000000,2980587488.000000,1.230000,0.360000,26.000000,2980587488.000000
2021-08-11,7238.000000,7156.000000,7206.000000,7184.000000,83342.000000,2996144896.000000,1.140000,0.110000,8.000000,2996144896.000000
2021-08-12,7222.000000,7110.000000,7160.000000,7114.000000,105161.000000,3774228288.000000,1.560000,-1.060000,-76.000000,3774228288.000000
2021-08-13,7148.000000,7032.000000,7098.000000,7038.000000,99157.000000,3513132512.000000,1.620000,-1.950000,-140.000000,3513132512.000000
2021-08-16,7086.000000,6926.000000,7038.000000,6952.000000,81745.000000,2861892448.000000,2.260000,-1.890000,-134.000000,2861892448.000000
2021-08-17,6998.000000,6844.000000,6950.000000,6852.000000,74165.000000,2566850656.000000,2.200000,-2.140000,-150.000000,2566850656.000000
2021-08-18,6936.000000,6782.000000,6882.000000,6874.000000,74381.000000,2552012112.000000,2.220000,-0.690000,-48.000000,2552012112.000000
2021-08-19,6960.000000,6754.000000,6876.000000,6864.000000,96422.000000,3312095696.000000,3.000000,0.030000,2.000000,3312095696.000000
2021-08-20,6930.000000,6818.000000,6854.000000,6896.000000,66862.000000,2303395904.000000,1.630000,0.380000,26.000000,2303395904.000000
2021-08-23,6924.000000,6764.000000,6850.000000,6894.000000,67034.000000,2299936544.000000,2.320000,0.060000,4.000000,2299936544.000000
2021-08-24,7102.000000,7000.000000,7052.000000,7044.000000,132542.000000,4668129280.000000,1.490000,2.650000,182.000000,4668129280.000000
2021-08-25,7108.000000,7012.000000,7058.000000,7040.000000,118628.000000,4188754688.000000,1.360000,-0.060000,-4.000000,4188754688.000000
2021-08-26,7068.000000,6894.000000,7058.000000,6904.000000,129172.000000,4522311680.000000,2.460000,-2.240000,-158.000000,4522311680.000000
2021-08-27,6976.000000,6814.000000,6904.000000,6974.000000,175799.000000,6063307520.000000,2.310000,-0.400000,-28.000000,6063307520.000000
2021-08-30,7048.000000,6910.000000,6990.000000,6944.000000,116165.000000,4056481808.000000,2.000000,0.670000,46.000000,4056481808.000000
2021-08-31,6978.000000,6890.000000,6958.000000,6930.000000,96017.000000,3333710240.000000,1.260000,-0.770000,-54.000000,3333710240.000000
2021-09-01,6962.000000,6856.000000,6916.000000,6928.000000,122331.000000,4222866128.000000,1.530000,-0.230000,-16.000000,4222866128.000000
2021-09-02,6956.000000,6854.000000,6904.000000,6928.000000,163537.000000,5638755840.000000,1.480000,0.350000,24.000000,5638755840.000000
2021-09-03,7080.000000,6942.000000,6950.000000,7064.000000,175429.000000,6145277952.000000,2.000000,2.440000,168.000000,6145277952.000000
2021-09-06,7078.000000,6982.000000,7070.000000,7026.000000,126874.000000,4459621120.000000,1.370000,0.290000,20.000000,4459621120.000000
2021-09-07,7078.000000,6988.000000,7036.000000,7022.000000,123627.000000,4346725376.000000,1.280000,-0.110000,-8.000000,4346725376.000000
2021-09-08,6984.000000,6734.000000,6982.000000,6764.000000,300763.000000,10292109824.000000,3.560000,-3.810000,-268.000000,10292109824.000000
2021-09-09,6840.000000,6740.000000,6786.000000,6776.000000,165380.000000,5612997120.000000,1.460000,-0.990000,-68.000000,5612997120.000000
2021-09-10,6836.000000,6718.000000,6752.000000,6818.000000,176243.000000,5983449856.000000,1.740000,0.440000,30.000000,5983449856.000000
2021-09-13,6950.000000,6828.000000,6848.000000,6940.000000,163281.000000,5626663168.000000,1.800000,2.210000,150.000000,5626663168.000000
2021-09-14,7026.000000,6920.000000,6944.000000,6996.000000,151313.000000,5277797376.000000,1.540000,1.510000,104.000000,5277797376.000000
2021-09-15,7076.000000,6966.000000,6996.000000,7058.000000,147098.000000,5167552768.000000,1.580000,1.180000,82.000000,5167552768.000000
2021-09-16,7156.000000,7048.000000,7100.000000,7066.000000,143558.000000,5096308992.000000,1.540000,0.570000,40.000000,5096308992.000000
2021-09-17,7110.000000,6994.000000,7058.000000,7032.000000,122910.000000,4332577536.000000,1.630000,-0.960000,-68.000000,4332577536.000000
2021-09-22,7000.000000,6838.000000,6994.000000,6914.000000,113937.000000,3937662720.000000,2.300000,-1.930000,-136.000000,3937662720.000000
2021-09-23,7058.000000,6908.000000,6916.000000,7058.000000,136637.000000,4761799424.000000,2.170000,2.110000,146.000000,4761799424.000000
2021-09-24,7272.000000,7058.000000,7068.000000,7218.000000,270509.000000,9708568064.000000,3.070000,3.560000,248.000000,9708568064.000000
2021-09-27,7402.000000,7168.000000,7218.000000,7278.000000,245995.000000,8978817536.000000,3.260000,1.390000,100.000000,8978817536.000000
2021-09-28,7488.000000,7258.000000,7282.000000,7470.000000,179779.000000,6619462912.000000,3.150000,2.330000,170.000000,6619462912.000000
2021-09-29,7444.000000,7236.000000,7428.000000,7292.000000,168995.000000,6198736640.000000,2.820000,-0.980000,-72.000000,6198736640.000000
2021-09-30,7514.000000,7278.000000,7312.000000,7452.000000,167276.000000,6162447872.000000,3.220000,1.580000,116.000000,6162447872.000000
2021-10-08,7920.000000,7658.000000,7880.000000,7848.000000,165966.000000,6475993344.000000,3.560000,6.510000,480.000000,6475993344.000000
2021-10-11,8274.000000,7836.000000,7836.000000,8236.000000,286125.000000,11588062464.000000,5.610000,5.540000,432.000000,11588062464.000000
2021-10-12,8444.000000,8080.000000,8264.000000,8234.000000,309508.000000,12841486848.000000,4.490000,1.650000,134.000000,12841486848.000000
2021-10-13,8342.000000,7800.000000,8250.000000,8002.000000,333177.000000,13493668608.000000,6.530000,-3.570000,-296.000000,13493668608.000000
2021-10-14,8196.000000,7896.000000,7992.000000,8110.000000,257493.000000,10356368384.000000,3.700000,0.120000,10.000000,10356368384.000000
2021-10-15,8528.000000,8080.000000,8130.000000,8458.000000,442082.000000,18386190336.000000,5.570000,5.150000,414.000000,18386190336.000000
2021-10-18,8496.000000,8190.000000,8446.000000,8364.000000,406791.000000,16999795968.000000,3.680000,0.550000,46.000000,16999795968.000000
2021-10-19,8504.000000,8260.000000,8374.000000,8326.000000,255358.000000,10679071488.000000,2.920000,-0.380000,-32.000000,10679071488.000000
2021-10-20,8312.000000,7906.000000,8284.000000,7926.000000,310049.000000,12460869376.000000,4.850000,-5.240000,-438.000000,12460869376.000000
2021-10-21,8156.000000,7910.000000,7918.000000,7922.000000,270863.000000,10880566784.000000,3.060000,-1.440000,-116.000000,10880566784.000000
2021-10-22,7968.000000,7672.000000,7876.000000,7832.000000,318967.000000,12477989120.000000,3.680000,-2.510000,-202.000000,12477989120.000000
2021-10-25,7944.000000,7690.000000,7890.000000,7830.000000,257481.000000,10090680320.000000,3.250000,0.080000,6.000000,10090680320.000000
2021-10-26,7920.000000,7638.000000,7878.000000,7756.000000,232024.000000,9007171584.000000,3.600000,-1.050000,-82.000000,9007171584.000000
2021-10-27,7782.000000,7442.000000,7766.000000,7524.000000,270007.000000,10284566528.000000,4.380000,-3.090000,-240.000000,10284566528.000000
2021-10-28,7502.000000,7160.000000,7500.000000,7340.000000,383325.000000,14048861184.000000,4.490000,-3.650000,-278.000000,14048861184.000000
2021-10-29,7408.000000,7252.000000,7304.000000,7276.000000,184583.000000,6764966912.000000,2.130000,-0.740000,-54.000000,6764966912.000000
2021-11-01,7376.000000,7242.000000,7252.000000,7336.000000,134100.000000,4904037120.000000,1.830000,0.080000,6.000000,4904037120.000000
2021-11-02,7516.000000,7200.000000,7374.000000,7388.000000,215292.000000,7967956992.000000,4.320000,1.010000,74.000000,7967956992.000000
2021-11-03,7430.000000,7150.000000,7350.000000,7204.000000,199540.000000,7259265280.000000,3.780000,-2.670000,-198.000000,7259265280.000000
2021-11-04,7184.000000,7058.000000,7178.000000,7136.000000,187536.000000,6672530944.000000,1.730000,-1.920000,-140.000000,6672530944.000000
2021-11-05,7264.000000,7012.000000,7222.000000,7076.000000,173915.000000,6203548160.000000,3.540000,-0.560000,-40.000000,6203548160.000000
2021-11-08,7256.000000,7040.000000,7080.000000,7186.000000,159422.000000,5702524928.000000,3.030000,0.730000,52.000000,5702524928.000000
2021-11-09,7202.000000,7104.000000,7186.000000,7114.000000,93842.000000,3355789920.000000,1.370000,-0.560000,-40.000000,3355789920.000000
2021-11-10,7222.000000,7032.000000,7110.000000,7222.000000,122267.000000,4360041216.000000,2.660000,0.980000,70.000000,4360041216.000000
2021-11-11,7240.000000,7030.000000,7196.000000,7050.000000,142849.000000,5079710464.000000,2.940000,-1.150000,-82.000000,5079710464.000000
2021-11-12,7050.000000,6902.000000,7018.000000,6908.000000,145832.000000,5086620160.000000,2.080000,-2.870000,-204.000000,5086620160.000000
2021-11-15,6950.000000,6858.000000,6880.000000,6898.000000,109134.000000,3767305680.000000,1.320000,-1.120000,-78.000000,3767305680.000000
2021-11-16,6984.000000,6828.000000,6892.000000,6948.000000,122750.000000,4245922496.000000,2.260000,0.640000,44.000000,4245922496.000000
2021-11-17,6974.000000,6890.000000,6942.000000,6932.000000,104897.000000,3637827968.000000,1.210000,0.200000,14.000000,3637827968.000000
2021-11-18,6980.000000,6770.000000,6950.000000,6780.000000,118584.000000,4074546240.000000,3.030000,-2.250000,-156.000000,4074546240.000000
2021-11-19,6878.000000,6760.000000,6780.000000,6848.000000,129922.000000,4423844096.000000,1.720000,-0.350000,-24.000000,4423844096.000000
2021-11-22,6838.000000,6678.000000,6726.000000,6832.000000,128593.000000,4363160576.000000,2.350000,0.320000,22.000000,4363160576.000000
2021-11-23,6862.000000,6772.000000,6830.000000,6822.000000,114167.000000,3891953024.000000,1.330000,0.530000,36.000000,3891953024.000000
2021-11-24,6992.000000,6830.000000,6830.000000,6990.000000,148983.000000,5168220160.000000,2.380000,2.520000,172.000000,5168220160.000000
2021-11-25,7174.000000,7004.000000,7004.000000,7116.000000,151402.000000,5376284928.000000,2.450000,2.570000,178.000000,5376284928.000000
2021-11-26,7170.000000,6904.000000,7136.000000,6912.000000,171617.000000,6056364032.000000,3.750000,-2.680000,-190.000000,6056364032.000000
2021-11-29,6874.000000,6626.000000,6850.000000,6654.000000,203364.000000,6853366784.000000,3.510000,-5.720000,-404.000000,6853366784.000000
2021-11-30,6718.000000,6500.000000,6654.000000,6510.000000,171239.000000,5664586240.000000,3.230000,-3.410000,-230.000000,5664586240.000000
2021-12-01,6664.000000,6478.000000,6514.000000,6616.000000,137974.000000,4524167424.000000,2.810000,0.000000,0.000000,4524167424.000000
2021-12-02,6664.000000,6520.000000,6642.000000,6596.000000,109807.000000,3620336784.000000,2.200000,0.580000,38.000000,3620336784.000000
2021-12-03,6644.000000,6456.000000,6578.000000,6630.000000,147090.000000,4815726592.000000,2.850000,0.550000,36.000000,4815726592.000000
2021-12-06,6756.000000,6638.000000,6660.000000,6658.000000,123311.000000,4128452288.000000,1.800000,1.680000,110.000000,4128452288.000000
2021-12-07,6788.000000,6662.000000,6698.000000,6682.000000,123507.000000,4153540416.000000,1.880000,-0.210000,-14.000000,4153540416.000000
2021-12-08,6756.000000,6628.000000,6732.000000,6674.000000,90160.000000,3012245600.000000,1.900000,-0.770000,-52.000000,3012245600.000000
2021-12-09,6844.000000,6682.000000,6682.000000,6788.000000,101614.000000,3436585488.000000,2.420000,1.590000,106.000000,3436585488.000000
2021-12-10,6806.000000,6666.000000,6720.000000,6668.000000,92860.000000,3131239200.000000,2.070000,-1.420000,-96.000000,3131239200.000000
2021-12-13,6868.000000,6684.000000,6702.000000,6858.000000,98015.000000,3322708496.000000,2.730000,1.690000,114.000000,3322708496.000000
2021-12-14,6884.000000,6730.000000,6790.000000,6808.000000,81761.000000,2779056384.000000,2.270000,0.410000,28.000000,2779056384.000000
2021-12-15,6848.000000,6742.000000,6820.000000,6814.000000,56517.000000,1921012832.000000,1.560000,0.240000,16.000000,1921012832.000000
2021-12-16,6876.000000,6726.000000,6740.000000,6854.000000,116335.000000,3964696800.000000,2.210000,0.820000,56.000000,3964696800.000000
2021-12-17,6914.000000,6824.000000,6854.000000,6886.000000,121249.000000,4169753104.000000,1.320000,1.030000,70.000000,4169753104.000000
2021-12-20,6944.000000,6694.000000,6886.000000,6698.000000,189438.000000,6448469504.000000,3.630000,-2.620000,-180.000000,6448469504.000000
2021-12-21,6784.000000,6562.000000,6684.000000,6750.000000,117134.000000,3925160336.000000,3.260000,-0.850000,-58.000000,3925160336.000000
2021-12-22,6876.000000,6740.000000,6750.000000,6816.000000,148577.000000,5060532736.000000,2.030000,1.700000,114.000000,5060532736.000000
2021-12-23,6894.000000,6778.000000,6816.000000,6868.000000,103891.000000,3553072208.000000,1.700000,0.820000,56.000000,3553072208.000000
2021-12-24,7022.000000,6872.000000,6882.000000,6986.000000,143326.000000,4984878336.000000,2.190000,2.130000,146.000000,4984878336.000000
2021-12-27,7000.000000,6858.000000,6986.000000,6908.000000,119791.000000,4153153968.000000,2.040000,-0.690000,-48.000000,4153153968.000000
2021-12-28,7062.000000,6874.000000,6908.000000,7056.000000,116583.000000,4074575856.000000,2.710000,1.760000,122.000000,4074575856.000000
2021-12-29,7102.000000,7008.000000,7080.000000,7050.000000,113001.000000,3983285248.000000,1.340000,0.860000,60.000000,3983285248.000000
2021-12-30,7096.000000,7004.000000,7048.000000,7092.000000,112640.000000,3970560000.000000,1.300000,0.600000,42.000000,3970560000.000000
2021-12-31,7116.000000,7024.000000,7070.000000,7070.000000,120636.000000,4262069888.000000,1.300000,0.280000,20.000000,4262069888.000000
2022-01-04,7180.000000,7032.000000,7062.000000,7108.000000,123741.000000,4396517632.000000,2.090000,0.590000,42.000000,4396517632.000000
2022-01-05,7280.000000,7112.000000,7116.000000,7194.000000,156793.000000,5644548096.000000,2.360000,1.240000,88.000000,5644548096.000000
2022-01-06,7248.000000,7112.000000,7194.000000,7198.000000,140839.000000,5061753600.000000,1.890000,-0.030000,-2.000000,5061753600.000000
2022-01-07,7432.000000,7236.000000,7264.000000,7392.000000,206065.000000,7560524800.000000,2.730000,2.840000,204.000000,7560524800.000000
2022-01-10,7376.000000,7268.000000,7376.000000,7320.000000,141606.000000,5178531328.000000,1.470000,-0.250000,-18.000000,5178531328.000000
2022-01-11,7324.000000,7244.000000,7308.000000,7274.000000,119080.000000,4333321216.000000,1.090000,-0.550000,-40.000000,4333321216.000000
2022-01-12,7352.000000,7196.000000,7306.000000,7320.000000,145165.000000,5286909184.000000,2.140000,0.580000,42.000000,5286909184.000000
2022-01-13,7438.000000,7324.000000,7328.000000,7344.000000,109034.000000,4017902896.000000,1.570000,0.820000,60.000000,4017902896.000000
2022-01-14,7528.000000,7334.000000,7358.000000,7500.000000,161018.000000,5989869568.000000,2.630000,1.760000,130.000000,5989869568.000000
2022-01-17,7518.000000,7386.000000,7500.000000,7452.000000,140615.000000,5243533312.000000,1.770000,0.160000,12.000000,5243533312.000000
2022-01-18,7552.000000,7354.000000,7450.000000,7534.000000,146828.000000,5472279552.000000,2.650000,1.020000,76.000000,5472279552.000000
2022-01-19,7634.000000,7476.000000,7526.000000,7552.000000,141068.000000,5322495744.000000,2.120000,1.310000,98.000000,5322495744.000000
2022-01-20,7628.000000,7482.000000,7552.000000,7516.000000,130554.000000,4931024640.000000,1.930000,-0.400000,-30.000000,4931024640.000000
2022-01-21,7542.000000,7302.000000,7516.000000,7344.000000,160761.000000,5954587392.000000,3.180000,-2.780000,-210.000000,5954587392.000000
2022-01-24,7534.000000,7350.000000,7350.000000,7494.000000,121787.000000,4548744448.000000,2.480000,1.160000,86.000000,4548744448.000000
2022-01-25,7486.000000,7312.000000,7482.000000,7376.000000,124104.000000,4575714560.000000,2.330000,-1.260000,-94.000000,4575714560.000000
2022-01-26,7566.000000,7354.000000,7370.000000,7558.000000,123533.000000,4613957632.000000,2.870000,2.500000,184.000000,4613957632.000000
2022-01-27,7684.000000,7544.000000,7580.000000,7644.000000,133367.000000,5087951104.000000,1.870000,2.330000,174.000000,5087951104.000000
2022-01-28,7762.000000,7590.000000,7670.000000,7606.000000,113165.000000,4345536000.000000,2.250000,-0.310000,-24.000000,4345536000.000000
2022-02-07,8006.000000,7882.000000,7898.000000,7946.000000,87705.000000,3485396704.000000,1.610000,3.460000,266.000000,3485396704.000000
2022-02-08,8020.000000,7914.000000,7932.000000,7954.000000,115319.000000,4594308864.000000,1.330000,0.080000,6.000000,4594308864.000000
2022-02-09,7868.000000,7736.000000,7802.000000,7750.000000,138525.000000,5401089792.000000,1.660000,-2.740000,-218.000000,5401089792.000000
2022-02-10,7776.000000,7664.000000,7750.000000,7730.000000,100483.000000,3875629312.000000,1.440000,-0.870000,-68.000000,3875629312.000000
2022-02-11,7840.000000,7600.000000,7772.000000,7604.000000,151949.000000,5874348288.000000,3.110000,-1.430000,-110.000000,5874348288.000000
2022-02-14,7852.000000,7606.000000,7694.000000,7774.000000,125264.000000,4848969472.000000,3.180000,0.540000,42.000000,4848969472.000000
2022-02-15,7772.000000,7580.000000,7700.000000,7708.000000,143842.000000,5513463808.000000,2.480000,-0.440000,-34.000000,5513463808.000000
2022-02-16,7588.000000,7410.000000,7560.000000,7442.000000,177132.000000,6633593344.000000,2.320000,-2.920000,-224.000000,6633593344.000000
2022-02-17,7490.000000,7168.000000,7468.000000,7320.000000,143504.000000,5276642048.000000,4.300000,-2.270000,-170.000000,5276642048.000000
2022-02-18,7408.000000,7264.000000,7336.000000,7356.000000,114334.000000,4188054416.000000,1.960000,0.030000,2.000000,4188054416.000000
2022-02-21,7400.000000,7292.000000,7300.000000,7330.000000,103755.000000,3808846048.000000,1.470000,0.050000,4.000000,3808846048.000000
2022-02-22,7524.000000,7328.000000,7342.000000,7442.000000,111617.000000,4153268576.000000,2.670000,1.360000,100.000000,4153268576.000000
2022-02-23,7448.000000,7316.000000,7438.000000,7370.000000,105526.000000,3891798880.000000,1.770000,-0.970000,-72.000000,3891798880.000000
2022-02-24,7720.000000,7364.000000,7386.000000,7688.000000,149012.000000,5611791872.000000,4.830000,4.230000,312.000000,5611791872.000000
2022-02-25,7874.000000,7532.000000,7750.000000,7612.000000,193416.000000,7429108480.000000,4.540000,1.060000,80.000000,7429108480.000000
2022-02-28,7612.000000,7374.000000,7612.000000,7476.000000,148509.000000,5555721728.000000,3.100000,-2.680000,-206.000000,5555721728.000000
2022-03-01,7598.000000,7418.000000,7438.000000,7590.000000,110781.000000,4152071888.000000,2.410000,1.440000,108.000000,4152071888.000000
2022-03-02,7930.000000,7630.000000,7718.000000,7868.000000,181718.000000,7074281728.000000,4.000000,4.960000,372.000000,7074281728.000000
2022-03-03,8242.000000,7834.000000,7894.000000,8174.000000,220686.000000,8858336000.000000,5.240000,4.980000,388.000000,8858336000.000000
2022-03-04,8158.000000,7856.000000,8132.000000,7914.000000,218961.000000,8714647808.000000,3.760000,-1.420000,-114.000000,8714647808.000000
2022-03-07,8494.000000,7918.000000,7960.000000,8324.000000,188880.000000,7711970304.000000,7.240000,4.570000,364.000000,7711970304.000000
2022-03-08,8256.000000,7966.000000,8256.000000,8164.000000,248154.000000,10087460096.000000,3.550000,-0.020000,-2.000000,10087460096.000000
2022-03-09,8552.000000,8088.000000,8140.000000,8480.000000,232967.000000,9756657920.000000,5.710000,4.310000,350.000000,9756657920.000000
2022-03-10,8310.000000,7850.000000,8260.000000,7950.000000,246910.000000,9965287680.000000,5.490000,-5.090000,-426.000000,9965287680.000000
2022-03-11,8146.000000,7816.000000,8036.000000,7918.000000,213316.000000,8511308288.000000,4.090000,-1.910000,-154.000000,8511308288.000000
2022-03-14,7920.000000,7714.000000,7916.000000,7718.000000,127198.000000,4973441792.000000,2.580000,-3.280000,-262.000000,4973441792.000000
2022-03-15,7716.000000,7462.000000,7686.000000,7464.000000,149682.000000,5675941376.000000,3.250000,-4.550000,-356.000000,5675941376.000000
2022-03-16,7558.000000,7360.000000,7440.000000,7528.000000,151652.000000,5650553600.000000,2.610000,-0.740000,-56.000000,5650553600.000000
2022-03-17,7598.000000,7400.000000,7528.000000,7470.000000,128187.000000,4792911872.000000,2.660000,0.240000,18.000000,4792911872.000000
2022-03-18,7776.000000,7538.000000,7590.000000,7742.000000,146225.000000,5593106176.000000,3.180000,3.530000,264.000000,5593106176.000000
2022-03-21,7860.000000,7644.000000,7670.000000,7742.000000,118586.000000,4589278208.000000,2.820000,1.200000,92.000000,4589278208.000000
2022-03-22,7892.000000,7726.000000,7762.000000,7806.000000,109828.000000,4288783408.000000,2.140000,0.850000,66.000000,4288783408.000000
2022-03-23,7796.000000,7630.000000,7760.000000,7752.000000,130856.000000,5049733120.000000,2.130000,-0.740000,-58.000000,5049733120.000000
2022-03-24,7932.000000,7770.000000,7860.000000,7772.000000,119319.000000,4684463872.000000,2.100000,0.700000,54.000000,4684463872.000000
2022-03-25,7958.000000,7710.000000,7800.000000,7942.000000,147821.000000,5791626752.000000,3.160000,1.150000,90.000000,5791626752.000000
2022-03-28,7982.000000,7722.000000,7850.000000,7776.000000,175426.000000,6899504640.000000,3.320000,-0.770000,-60.000000,6899504640.000000
2022-03-29,7766.000000,7666.000000,7734.000000,7692.000000,129647.000000,5000484864.000000,1.270000,-2.210000,-174.000000,5000484864.000000
2022-03-30,7734.000000,7500.000000,7576.000000,7704.000000,135658.000000,5163143424.000000,3.030000,-0.130000,-10.000000,5163143424.000000
2022-03-31,7810.000000,7580.000000,7732.000000,7718.000000,134060.000000,5180078336.000000,3.020000,1.390000,106.000000,5180078336.000000
2022-04-01,7764.000000,7570.000000,7700.000000,7576.000000,117982.000000,4513991424.000000,2.510000,-1.970000,-152.000000,4513991424.000000
2022-04-06,7840.000000,7546.000000,7610.000000,7812.000000,91589.000000,3541746624.000000,3.840000,2.090000,160.000000,3541746624.000000
2022-04-07,7880.000000,7654.000000,7846.000000,7760.000000,110241.000000,4282862848.000000,2.920000,0.340000,26.000000,4282862848.000000
2022-04-08,7806.000000,7608.000000,7764.000000,7682.000000,105463.000000,4058216240.000000,2.550000,-1.130000,-88.000000,4058216240.000000
2022-04-11,7702.000000,7526.000000,7694.000000,7566.000000,101807.000000,3867647936.000000,2.290000,-1.690000,-130.000000,3867647936.000000
2022-04-12,7824.000000,7500.000000,7500.000000,7804.000000,106494.000000,4081915024.000000,4.260000,2.710000,206.000000,4081915024.000000
2022-04-13,7844.000000,7734.000000,7804.000000,7742.000000,98966.000000,3853736048.000000,1.430000,0.990000,76.000000,3853736048.000000
2022-04-14,7850.000000,7726.000000,7792.000000,7786.000000,78408.000000,3049287120.000000,1.590000,-0.030000,-2.000000,3049287120.000000
2022-04-15,7850.000000,7686.000000,7770.000000,7766.000000,78437.000000,3047277456.000000,2.110000,-0.150000,-12.000000,3047277456.000000
2022-04-18,7926.000000,7750.000000,7770.000000,7836.000000,68414.000000,2678408096.000000,2.270000,0.850000,66.000000,2678408096.000000
2022-04-19,7988.000000,7806.000000,7806.000000,7916.000000,47440.000000,1876252000.000000,2.320000,1.100000,86.000000,1876252000.000000
2022-04-20,8054.000000,7914.000000,7916.000000,8006.000000,109011.000000,4356079616.000000,1.770000,1.210000,96.000000,4356079616.000000
2022-04-21,8072.000000,7956.000000,8006.000000,7992.000000,119110.000000,4772737792.000000,1.450000,0.000000,0.000000,4772737792.000000
2022-04-22,8048.000000,7852.000000,7984.000000,7872.000000,120204.000000,4770896896.000000,2.450000,-1.770000,-142.000000,4770896896.000000
2022-04-25,7940.000000,7616.000000,7872.000000,7634.000000,131189.000000,5086197504.000000,4.080000,-3.830000,-304.000000,5086197504.000000
2022-04-26,7818.000000,7612.000000,7650.000000,7766.000000,113512.000000,4380428032.000000,2.660000,0.150000,12.000000,4380428032.000000
2022-04-27,7808.000000,7666.000000,7808.000000,7710.000000,121554.000000,4694415616.000000,1.840000,-0.100000,-8.000000,4694415616.000000
2022-04-28,7812.000000,7636.000000,7670.000000,7796.000000,112183.000000,4331385600.000000,2.280000,0.930000,72.000000,4331385600.000000
2022-04-29,8036.000000,7762.000000,7796.000000,8026.000000,133284.000000,5268716544.000000,3.550000,3.940000,304.000000,5268716544.000000
2022-05-05,8186.000000,8000.000000,8140.000000,8104.000000,56427.000000,2283036416.000000,2.350000,2.500000,198.000000,2283036416.000000
2022-05-06,8304.000000,8114.000000,8126.000000,8220.000000,117689.000000,4833487360.000000,2.350000,1.580000,128.000000,4833487360.000000
2022-05-09,8266.000000,8088.000000,8222.000000,8208.000000,113636.000000,4651121408.000000,2.170000,-0.070000,-6.000000,4651121408.000000
2022-05-10,8278.000000,8024.000000,8176.000000,8126.000000,137324.000000,5615178496.000000,3.100000,-0.730000,-60.000000,5615178496.000000
2022-05-11,8236.000000,7972.000000,8140.000000,8102.000000,100169.000000,4053839424.000000,3.230000,-0.930000,-76.000000,4053839424.000000
2022-05-12,8476.000000,8052.000000,8124.000000,8280.000000,191170.000000,7935466752.000000,5.240000,2.300000,186.000000,7935466752.000000
2022-05-13,8446.000000,8264.000000,8284.000000,8400.000000,112803.000000,4721933568.000000,2.190000,1.180000,98.000000,4721933568.000000
2022-05-16,8472.000000,8316.000000,8460.000000,8408.000000,68409.000000,2871125728.000000,1.860000,0.430000,36.000000,2871125728.000000
2022-05-17,8536.000000,8366.000000,8420.000000,8428.000000,157161.000000,6644766976.000000,2.030000,0.410000,34.000000,6644766976.000000
2022-05-18,8436.000000,8276.000000,8430.000000,8282.000000,139654.000000,5831951104.000000,1.890000,-2.060000,-174.000000,5831951104.000000
2022-05-19,8358.000000,8202.000000,8282.000000,8304.000000,129936.000000,5396242176.000000,1.870000,-0.570000,-48.000000,5396242176.000000
2022-05-20,8402.000000,8204.000000,8250.000000,8332.000000,153467.000000,6379623168.000000,2.380000,0.310000,26.000000,6379623168.000000
2022-05-23,8350.000000,8170.000000,8336.000000,8238.000000,143971.000000,5941683200.000000,2.170000,-0.910000,-76.000000,5941683200.000000
2022-05-24,8298.000000,8140.000000,8238.000000,8168.000000,108451.000000,4457336064.000000,1.910000,-1.040000,-86.000000,4457336064.000000
2022-05-25,8358.000000,8210.000000,8210.000000,8294.000000,135449.000000,5610297600.000000,1.800000,0.900000,74.000000,5610297600.000000
2022-05-26,8328.000000,8186.000000,8294.000000,8244.000000,123645.000000,5094173952.000000,1.710000,-0.480000,-40.000000,5094173952.000000
2022-05-27,8380.000000,8174.000000,8244.000000,8190.000000,142244.000000,5894591488.000000,2.500000,-0.610000,-50.000000,5894591488.000000
2022-05-30,8302.000000,8150.000000,8160.000000,8278.000000,129683.000000,5339049216.000000,1.830000,-0.120000,-10.000000,5339049216.000000
2022-05-31,8466.000000,8266.000000,8322.000000,8438.000000,122763.000000,5131493376.000000,2.430000,2.480000,204.000000,5131493376.000000
2022-06-01,8488.000000,8240.000000,8440.000000,8278.000000,90075.000000,3768738000.000000,2.970000,-0.980000,-82.000000,3768738000.000000
2022-06-02,8316.000000,8164.000000,8280.000000,8246.000000,69208.000000,2854830000.000000,1.820000,-1.460000,-122.000000,2854830000.000000
2022-06-06,8716.000000,8480.000000,8500.000000,8646.000000,171366.000000,7397870336.000000,2.860000,4.800000,396.000000,7397870336.000000
2022-06-07,8846.000000,8638.000000,8646.000000,8802.000000,218093.000000,9524121344.000000,2.410000,1.950000,168.000000,9524121344.000000
2022-06-08,9062.000000,8776.000000,8802.000000,8990.000000,295294.000000,13226218240.000000,3.270000,2.930000,256.000000,13226218240.000000
2022-06-09,9126.000000,8932.000000,9020.000000,8990.000000,227102.000000,10237758208.000000,2.170000,0.360000,32.000000,10237758208.000000
2022-06-10,9168.000000,8930.000000,8960.000000,9036.000000,269849.000000,12199873280.000000,2.640000,0.220000,20.000000,12199873280.000000
2022-06-13,9010.000000,8762.000000,8964.000000,8816.000000,239287.000000,10605199872.000000,2.740000,-2.500000,-226.000000,10605199872.000000
2022-06-14,8872.000000,8702.000000,8788.000000,8822.000000,209197.000000,9179564288.000000,1.920000,-0.470000,-42.000000,9179564288.000000
2022-06-15,8906.000000,8724.000000,8860.000000,8754.000000,200738.000000,8844516352.000000,2.070000,-0.250000,-22.000000,8844516352.000000
2022-06-16,8772.000000,8626.000000,8718.000000,8676.000000,201187.000000,8745598976.000000,1.660000,-1.540000,-136.000000,8745598976.000000
2022-06-17,8668.000000,8530.000000,8640.000000,8604.000000,177470.000000,7636534016.000000,1.590000,-1.040000,-90.000000,7636534016.000000
2022-06-20,8698.000000,8408.000000,8638.000000,8432.000000,266718.000000,11396860160.000000,3.370000,-2.020000,-174.000000,11396860160.000000
2022-06-21,8548.000000,8360.000000,8444.000000,8392.000000,150281.000000,6343361024.000000,2.200000,-1.800000,-154.000000,6343361024.000000
2022-06-22,8440.000000,8204.000000,8410.000000,8234.000000,175099.000000,7285869312.000000,2.800000,-2.460000,-208.000000,7285869312.000000
2022-06-23,8252.000000,8104.000000,8200.000000,8208.000000,173544.000000,7101420544.000000,1.780000,-1.370000,-114.000000,7101420544.000000
2022-06-24,8264.000000,7850.000000,8218.000000,7868.000000,249635.000000,10045312512.000000,5.060000,-3.860000,-316.000000,10045312512.000000
2022-06-27,8070.000000,7794.000000,7906.000000,8008.000000,215104.000000,8520269568.000000,3.430000,-0.500000,-40.000000,8520269568.000000
2022-06-28,8178.000000,7952.000000,8008.000000,8160.000000,179644.000000,7245042432.000000,2.850000,3.000000,238.000000,7245042432.000000
2022-06-29,8182.000000,7894.000000,8160.000000,7924.000000,211474.000000,8473763072.000000,3.570000,-1.760000,-142.000000,8473763072.000000
2022-06-30,8042.000000,7864.000000,8000.000000,7978.000000,192009.000000,7653478656.000000,2.220000,-0.450000,-36.000000,7653478656.000000
2022-07-01,8022.000000,7768.000000,7978.000000,7786.000000,200218.000000,7896598016.000000,3.190000,-2.330000,-186.000000,7896598016.000000
2022-07-04,7938.000000,7710.000000,7840.000000,7914.000000,172154.000000,6732942848.000000,2.890000,0.330000,26.000000,6732942848.000000
2022-07-05,7970.000000,7802.000000,7956.000000,7810.000000,169286.000000,6658018304.000000,2.150000,-0.150000,-12.000000,6658018304.000000
2022-07-06,7792.000000,7522.000000,7780.000000,7648.000000,221340.000000,8481748736.000000,3.430000,-2.770000,-218.000000,8481748736.000000
2022-07-07,7680.000000,7486.000000,7648.000000,7590.000000,173812.000000,6585736704.000000,2.530000,-0.970000,-74.000000,6585736704.000000
2022-07-08,7742.000000,7598.000000,7642.000000,7676.000000,145419.000000,5581181184.000000,1.900000,1.290000,98.000000,5581181184.000000
2022-07-11,7754.000000,7566.000000,7672.000000,7624.000000,155947.000000,5969651200.000000,2.450000,-0.680000,-52.000000,5969651200.000000
2022-07-12,7610.000000,7348.000000,7594.000000,7354.000000,151227.000000,5661938944.000000,3.420000,-3.940000,-302.000000,5661938944.000000
2022-07-13,7320.000000,6984.000000,7276.000000,7080.000000,205513.000000,7332703744.000000,4.490000,-5.450000,-408.000000,7332703744.000000
2022-07-14,7038.000000,6882.000000,7032.000000,6930.000000,199774.000000,6948139776.000000,2.190000,-2.890000,-206.000000,6948139776.000000
2022-07-15,6914.000000,6740.000000,6900.000000,6754.000000,183881.000000,6259309312.000000,2.500000,-2.900000,-202.000000,6259309312.000000
2022-07-18,7180.000000,6826.000000,6836.000000,7156.000000,212325.000000,7420758784.000000,5.200000,5.110000,348.000000,7420758784.000000
2022-07-19,7252.000000,6948.000000,7142.000000,7030.000000,167416.000000,5946616320.000000,4.350000,0.570000,40.000000,5946616320.000000
2022-07-20,7194.000000,6940.000000,6976.000000,7068.000000,169133.000000,5985616896.000000,3.580000,-0.510000,-36.000000,5985616896.000000
2022-07-21,7164.000000,7020.000000,7040.000000,7024.000000,148534.000000,5271471616.000000,2.030000,-0.760000,-54.000000,5271471616.000000
2022-07-22,7178.000000,6912.000000,6930.000000,7150.000000,168541.000000,5930957824.000000,3.750000,0.730000,52.000000,5930957824.000000
2022-07-25,7274.000000,7096.000000,7096.000000,7136.000000,162910.000000,5856614400.000000,2.530000,1.390000,98.000000,5856614400.000000
2022-07-26,7410.000000,7164.000000,7190.000000,7354.000000,150446.000000,5483756800.000000,3.420000,2.280000,164.000000,5483756800.000000
2022-07-27,7414.000000,7210.000000,7336.000000,7320.000000,129431.000000,4721643008.000000,2.800000,0.410000,30.000000,4721643008.000000
2022-07-28,7516.000000,7264.000000,7368.000000,7476.000000,135515.000000,5023540992.000000,3.450000,2.470000,180.000000,5023540992.000000
2022-07-29,7506.000000,7366.000000,7460.000000,7414.000000,113022.000000,4198767296.000000,1.890000,0.000000,0.000000,4198767296.000000
2022-08-01,7530.000000,7316.000000,7454.000000,7398.000000,114042.000000,4227536944.000000,2.880000,-0.430000,-32.000000,4227536944.000000
2022-08-02,7460.000000,7292.000000,7360.000000,7416.000000,132527.000000,4882294784.000000,2.270000,0.030000,2.000000,4882294784.000000
2022-08-03,7440.000000,7322.000000,7440.000000,7396.000000,78190.000000,2889120496.000000,1.600000,0.380000,28.000000,2889120496.000000
2022-08-04,7468.000000,7074.000000,7410.000000,7102.000000,142947.000000,5177540352.000000,5.330000,-3.900000,-288.000000,5177540352.000000
2022-08-05,7106.000000,6916.000000,7090.000000,6934.000000,154888.000000,5435020032.000000,2.620000,-4.280000,-310.000000,5435020032.000000
2022-08-08,7236.000000,6854.000000,6898.000000,7210.000000,203432.000000,7126222848.000000,5.440000,2.740000,192.000000,7126222848.000000
2022-08-09,7294.000000,7150.000000,7200.000000,7228.000000,159332.000000,5750291968.000000,2.060000,3.170000,222.000000,5750291968.000000
2022-08-10,7330.000000,7076.000000,7282.000000,7128.000000,158766.000000,5717163776.000000,3.520000,-1.250000,-90.000000,5717163776.000000
2022-08-11,7286.000000,7062.000000,7164.000000,7222.000000,161792.000000,5811568640.000000,3.110000,0.280000,20.000000,5811568640.000000
2022-08-12,7400.000000,7248.000000,7248.000000,7392.000000,173240.000000,6352710912.000000,2.120000,2.900000,208.000000,6352710912.000000
2022-08-15,7486.000000,7306.000000,7368.000000,7392.000000,193159.000000,7129498624.000000,2.450000,0.790000,58.000000,7129498624.000000
2022-08-16,7304.000000,7150.000000,7296.000000,7198.000000,190621.000000,6871887104.000000,2.090000,-2.490000,-184.000000,6871887104.000000
2022-08-17,7258.000000,7068.000000,7222.000000,7076.000000,163430.000000,5850793984.000000,2.640000,-1.860000,-134.000000,5850793984.000000
2022-08-18,7184.000000,7042.000000,7076.000000,7098.000000,171494.000000,6094896896.000000,1.980000,-0.870000,-62.000000,6094896896.000000
2022-08-19,7176.000000,6912.000000,7120.000000,6950.000000,227617.000000,7973423616.000000,3.710000,-2.220000,-158.000000,7973423616.000000
2022-08-22,7126.000000,6910.000000,6936.000000,7064.000000,177943.000000,6277829120.000000,3.080000,0.830000,58.000000,6277829120.000000
2022-08-23,7280.000000,7006.000000,7074.000000,7270.000000,206476.000000,7385646592.000000,3.880000,3.030000,214.000000,7385646592.000000
2022-08-24,7444.000000,7282.000000,7282.000000,7430.000000,197336.000000,7265911552.000000,2.260000,3.860000,276.000000,7265911552.000000
2022-08-25,7540.000000,7330.000000,7400.000000,7446.000000,231295.000000,8592609280.000000,2.850000,1.110000,82.000000,8592609280.000000
2022-08-26,7502.000000,7396.000000,7436.000000,7466.000000,178322.000000,6638928128.000000,1.430000,0.480000,36.000000,6638928128.000000
2022-08-29,7526.000000,7302.000000,7420.000000,7392.000000,255848.000000,9520104192.000000,3.010000,-0.730000,-54.000000,9520104192.000000
2022-08-30,7492.000000,7390.000000,7410.000000,7412.000000,194860.000000,7246843392.000000,1.370000,-0.400000,-30.000000,7246843392.000000
2022-08-31,7516.000000,7352.000000,7362.000000,7468.000000,264622.000000,9841292288.000000,2.200000,0.400000,30.000000,9841292288.000000
2022-09-01,7566.000000,7388.000000,7396.000000,7488.000000,273101.000000,10167550208.000000,2.390000,0.670000,50.000000,10167550208.000000
2022-09-02,7482.000000,7260.000000,7454.000000,7282.000000,234477.000000,8624064000.000000,2.980000,-2.200000,-164.000000,8624064000.000000
2022-09-05,7678.000000,7330.000000,7332.000000,7628.000000,247641.000000,9306348800.000000,4.730000,3.700000,272.000000,9306348800.000000
2022-09-06,7668.000000,7414.000000,7632.000000,7554.000000,170084.000000,6415568384.000000,3.380000,0.510000,38.000000,6415568384.000000
2022-09-07,7496.000000,7214.000000,7400.000000,7234.000000,226055.000000,8316563456.000000,3.740000,-4.110000,-310.000000,8316563456.000000
2022-09-08,7318.000000,7138.000000,7234.000000,7254.000000,221375.000000,8002706176.000000,2.450000,-1.410000,-104.000000,8002706176.000000
2022-09-09,7472.000000,7228.000000,7254.000000,7466.000000,212785.000000,7817720832.000000,3.370000,3.260000,236.000000,7817720832.000000
2022-09-13,7626.000000,7348.000000,7590.000000,7544.000000,165758.000000,6254049280.000000,3.780000,2.670000,196.000000,6254049280.000000
2022-09-14,7562.000000,7466.000000,7536.000000,7518.000000,181201.000000,6807721472.000000,1.270000,-0.370000,-28.000000,6807721472.000000
2022-09-15,7664.000000,7506.000000,7532.000000,7524.000000,250841.000000,9519416064.000000,2.100000,0.130000,10.000000,9519416064.000000
2022-09-16,7530.000000,7384.000000,7470.000000,7508.000000,216472.000000,8085229312.000000,1.920000,-1.080000,-82.000000,8085229312.000000
2022-09-19,7578.000000,7260.000000,7480.000000,7266.000000,234506.000000,8728313344.000000,4.260000,-2.730000,-204.000000,8728313344.000000
2022-09-20,7406.000000,7206.000000,7270.000000,7348.000000,179003.000000,6569410048.000000,2.690000,-1.290000,-96.000000,6569410048.000000
2022-09-21,7536.000000,7334.000000,7380.000000,7488.000000,267570.000000,9916144128.000000,2.750000,2.020000,148.000000,9916144128.000000
2022-09-22,7512.000000,7356.000000,7468.000000,7452.000000,187293.000000,6963553792.000000,2.100000,0.540000,40.000000,6963553792.000000
2022-09-23,7540.000000,7330.000000,7486.000000,7344.000000,236390.000000,8800799744.000000,2.820000,-1.240000,-92.000000,8800799744.000000
2022-09-26,7324.000000,7076.000000,7284.000000,7110.000000,270464.000000,9761045760.000000,3.330000,-4.510000,-336.000000,9761045760.000000
2022-09-27,7208.000000,7054.000000,7148.000000,7144.000000,214613.000000,7653099520.000000,2.130000,-1.030000,-74.000000,7653099520.000000
2022-09-28,7174.000000,7026.000000,7146.000000,7042.000000,227595.000000,8068242688.000000,2.080000,-1.260000,-90.000000,8068242688.000000
2022-09-29,7248.000000,7086.000000,7096.000000,7186.000000,237501.000000,8512035840.000000,2.280000,1.350000,96.000000,8512035840.000000
2022-09-30,7240.000000,7076.000000,7220.000000,7152.000000,217308.000000,7766587904.000000,2.290000,-0.220000,-16.000000,7766587904.000000
2022-10-10,7586.000000,7444.000000,7446.000000,7542.000000,146039.000000,5496908032.000000,1.990000,5.510000,394.000000,5496908032.000000
2022-10-11,7586.000000,7352.000000,7548.000000,7396.000000,164786.000000,6151461376.000000,3.110000,-1.750000,-132.000000,6151461376.000000
2022-10-12,7428.000000,7266.000000,7376.000000,7334.000000,191837.000000,7053846528.000000,2.170000,-1.770000,-132.000000,7053846528.000000
2022-10-13,7334.000000,7236.000000,7326.000000,7272.000000,129404.000000,4712893696.000000,1.330000,-1.120000,-82.000000,4712893696.000000
2022-10-14,7414.000000,7204.000000,7260.000000,7388.000000,140017.000000,5134423296.000000,2.880000,1.430000,104.000000,5134423296.000000
2022-10-17,7392.000000,7262.000000,7344.000000,7332.000000,106533.000000,3902303792.000000,1.770000,-0.030000,-2.000000,3902303792.000000
2022-10-18,7186.000000,6996.000000,7050.000000,7152.000000,198879.000000,7040316672.000000,2.590000,-2.380000,-174.000000,7040316672.000000
2022-10-19,7146.000000,6938.000000,7120.000000,6992.000000,226730.000000,7949153792.000000,2.940000,-1.240000,-88.000000,7949153792.000000
2022-10-20,7148.000000,6962.000000,7012.000000,7100.000000,186879.000000,6589353472.000000,2.650000,1.250000,88.000000,6589353472.000000
2022-10-21,7268.000000,7096.000000,7106.000000,7136.000000,291493.000000,10470428672.000000,2.440000,1.190000,84.000000,10470428672.000000
2022-10-24,7218.000000,7004.000000,7142.000000,7062.000000,258624.000000,9209600768.000000,2.980000,-1.700000,-122.000000,9209600768.000000
2022-10-25,7096.000000,6968.000000,7040.000000,7008.000000,208734.000000,7347436800.000000,1.800000,-1.600000,-114.000000,7347436800.000000
2022-10-26,7086.000000,6978.000000,7012.000000,6994.000000,224858.000000,7899261440.000000,1.530000,-0.650000,-46.000000,7899261440.000000
2022-10-27,7046.000000,6920.000000,7030.000000,6924.000000,242232.000000,8461163776.000000,1.790000,-1.450000,-102.000000,8461163776.000000
2022-10-28,6976.000000,6710.000000,6956.000000,6800.000000,279891.000000,9555478784.000000,3.810000,-2.660000,-186.000000,9555478784.000000
2022-10-31,6820.000000,6654.000000,6808.000000,6738.000000,251728.000000,8495820032.000000,2.430000,-1.320000,-90.000000,8495820032.000000
2022-11-01,6950.000000,6682.000000,6724.000000,6918.000000,223562.000000,7601107968.000000,3.970000,2.490000,168.000000,7601107968.000000
2022-11-02,6948.000000,6810.000000,6930.000000,6902.000000,183082.000000,6294359296.000000,2.030000,1.500000,102.000000,6294359296.000000
2022-11-03,6984.000000,6838.000000,6880.000000,6952.000000,166968.000000,5758726400.000000,2.120000,1.110000,76.000000,5758726400.000000
2022-11-04,7198.000000,6910.000000,6930.000000,7138.000000,185736.000000,6549051392.000000,4.180000,3.480000,240.000000,6549051392.000000
2022-11-07,7224.000000,7034.000000,7172.000000,7076.000000,147029.000000,5237172992.000000,2.690000,0.340000,24.000000,5237172992.000000
2022-11-08,7144.000000,7010.000000,7076.000000,7082.000000,106982.000000,3781813696.000000,1.880000,-0.590000,-42.000000,3781813696.000000
2022-11-09,7140.000000,6998.000000,7080.000000,7030.000000,144094.000000,5095163904.000000,2.010000,-0.570000,-40.000000,5095163904.000000
2022-11-10,7064.000000,6972.000000,7020.000000,7006.000000,99688.000000,3499048800.000000,1.300000,-0.930000,-66.000000,3499048800.000000
2022-11-11,7256.000000,6996.000000,7032.000000,7216.000000,142563.000000,5085222144.000000,3.700000,2.790000,196.000000,5085222144.000000
2022-11-14,7288.000000,7032.000000,7220.000000,7096.000000,108129.000000,3869936912.000000,3.590000,-0.530000,-38.000000,3869936912.000000
2022-11-15,7094.000000,6990.000000,7080.000000,7048.000000,73165.000000,2579797904.000000,1.450000,-1.540000,-110.000000,2579797904.000000
2022-11-16,7146.000000,7028.000000,7052.000000,7100.000000,72770.000000,2577513408.000000,1.670000,0.680000,48.000000,2577513408.000000
2022-11-17,7138.000000,6920.000000,7110.000000,6992.000000,76466.000000,2685485920.000000,3.080000,-1.300000,-92.000000,2685485920.000000
2022-11-18,7002.000000,6828.000000,6850.000000,6976.000000,128632.000000,4450667264.000000,2.480000,-0.680000,-48.000000,4450667264.000000
2022-11-21,6958.000000,6694.000000,6934.000000,6734.000000,203532.000000,6932300032.000000,3.820000,-2.690000,-186.000000,6932300032.000000
2022-11-22,6758.000000,6624.000000,6744.000000,6660.000000,144092.000000,4819877376.000000,1.970000,-2.230000,-152.000000,4819877376.000000
2022-11-23,6718.000000,6610.000000,6680.000000,6642.000000,101510.000000,3381298096.000000,1.610000,-0.720000,-48.000000,3381298096.000000
2022-11-24,6696.000000,6586.000000,6596.000000,6662.000000,100945.000000,3356421248.000000,1.650000,0.000000,0.000000,3356421248.000000
2022-11-25,6672.000000,6580.000000,6660.000000,6634.000000,119339.000000,3950120896.000000,1.380000,-0.240000,-16.000000,3950120896.000000
2022-11-28,6676.000000,6486.000000,6662.000000,6538.000000,125383.000000,4120085376.000000,2.870000,-1.240000,-82.000000,4120085376.000000
2022-11-29,6682.000000,6510.000000,6540.000000,6612.000000,97383.000000,3209743680.000000,2.620000,0.610000,40.000000,3209743680.000000
2022-11-30,6640.000000,6544.000000,6640.000000,6592.000000,90987.000000,2996201904.000000,1.460000,0.000000,0.000000,2996201904.000000
2022-12-01,6666.000000,6604.000000,6612.000000,6642.000000,94352.000000,3129655840.000000,0.940000,0.850000,56.000000,3129655840.000000
2022-12-02,6688.000000,6562.000000,6680.000000,6666.000000,90121.000000,2992017200.000000,1.900000,0.480000,32.000000,2992017200.000000
2022-12-05,6720.000000,6578.000000,6684.000000,6602.000000,191782.000000,6369080320.000000,2.140000,-0.570000,-38.000000,6369080320.000000
2022-12-06,6658.000000,6476.000000,6608.000000,6538.000000,189006.000000,6206957056.000000,2.740000,-1.570000,-104.000000,6206957056.000000
2022-12-07,6568.000000,6452.000000,6522.000000,6466.000000,190395.000000,6193549312.000000,1.770000,-1.550000,-102.000000,6193549312.000000
2022-12-08,6564.000000,6458.000000,6482.000000,6540.000000,164765.000000,5366396160.000000,1.630000,0.520000,34.000000,5366396160.000000
2022-12-09,6712.000000,6514.000000,6570.000000,6684.000000,211136.000000,6971710720.000000,3.040000,2.610000,170.000000,6971710720.000000
2022-12-12,6896.000000,6696.000000,6728.000000,6808.000000,258394.000000,8793147904.000000,3.030000,3.090000,204.000000,8793147904.000000
2022-12-13,6966.000000,6780.000000,6780.000000,6948.000000,215228.000000,7433975040.000000,2.730000,2.090000,142.000000,7433975040.000000
2022-12-14,6958.000000,6878.000000,6916.000000,6944.000000,193313.000000,6694429184.000000,1.160000,0.520000,36.000000,6694429184.000000
2022-12-15,7076.000000,6954.000000,6986.000000,7052.000000,209545.000000,7350838528.000000,1.760000,1.820000,126.000000,7350838528.000000
2022-12-16,7260.000000,7060.000000,7062.000000,7178.000000,317506.000000,11404815616.000000,2.850000,2.310000,162.000000,11404815616.000000
2022-12-19,7176.000000,6994.000000,7136.000000,7052.000000,245023.000000,8700766720.000000,2.530000,-1.840000,-132.000000,8700766720.000000
2022-12-20,7202.000000,7048.000000,7052.000000,7136.000000,271613.000000,9693868032.000000,2.170000,0.480000,34.000000,9693868032.000000
2022-12-21,7186.000000,7060.000000,7114.000000,7166.000000,207070.000000,7369621248.000000,1.770000,0.390000,28.000000,7369621248.000000
2022-12-22,7274.000000,7150.000000,7204.000000,7182.000000,219425.000000,7899300096.000000,1.740000,0.900000,64.000000,7899300096.000000
2022-12-23,7218.000000,7034.000000,7218.000000,7066.000000,215941.000000,7691818496.000000,2.560000,-1.860000,-134.000000,7691818496.000000
2022-12-26,7204.000000,7074.000000,7102.000000,7112.000000,199095.000000,7095745792.000000,1.820000,-0.170000,-12.000000,7095745792.000000
2022-12-27,7294.000000,7090.000000,7112.000000,7234.000000,200303.000000,7218920192.000000,2.860000,1.490000,106.000000,7218920192.000000
2022-12-28,7232.000000,7120.000000,7222.000000,7196.000000,159878.000000,5739620096.000000,1.550000,-0.170000,-12.000000,5739620096.000000
2022-12-29,7246.000000,7154.000000,7220.000000,7188.000000,168414.000000,6062904064.000000,1.280000,0.110000,8.000000,6062904064.000000
2022-12-30,7284.000000,7134.000000,7162.000000,7232.000000,237325.000000,8543699968.000000,2.080000,0.440000,32.000000,8543699968.000000
2023-01-03,7292.000000,7028.000000,7284.000000,7226.000000,219611.000000,7851093248.000000,3.670000,0.360000,26.000000,7851093248.000000
2023-01-04,7238.000000,7078.000000,7206.000000,7112.000000,151808.000000,5433208320.000000,2.240000,-0.530000,-38.000000,5433208320.000000
2023-01-05,7046.000000,6922.000000,7040.000000,6944.000000,178758.000000,6249379584.000000,1.730000,-2.990000,-214.000000,6249379584.000000
2023-01-06,6976.000000,6890.000000,6946.000000,6954.000000,102070.000000,3539787600.000000,1.230000,-0.540000,-38.000000,3539787600.000000
2023-01-09,6992.000000,6906.000000,6930.000000,6908.000000,170614.000000,5918599680.000000,1.240000,-0.400000,-28.000000,5918599680.000000
2023-01-10,6978.000000,6872.000000,6936.000000,6944.000000,211949.000000,7348271872.000000,1.530000,0.090000,6.000000,7348271872.000000
2023-01-11,6982.000000,6906.000000,6944.000000,6966.000000,175521.000000,6087068416.000000,1.100000,0.460000,32.000000,6087068416.000000
2023-01-12,7174.000000,6956.000000,6980.000000,7150.000000,227335.000000,8043112192.000000,3.140000,3.090000,214.000000,8043112192.000000
2023-01-13,7286.000000,7140.000000,7164.000000,7278.000000,209548.000000,7537441536.000000,2.060000,2.850000,202.000000,7537441536.000000
2023-01-16,7306.000000,7204.000000,7280.000000,7254.000000,174328.000000,6321133312.000000,1.420000,0.830000,60.000000,6321133312.000000
2023-01-17,7374.000000,7238.000000,7268.000000,7312.000000,189283.000000,6908829440.000000,1.880000,0.830000,60.000000,6908829440.000000
2023-01-18,7566.000000,7334.000000,7346.000000,7508.000000,213169.000000,7938413568.000000,3.180000,2.850000,208.000000,7938413568.000000
2023-01-19,7576.000000,7446.000000,7540.000000,7510.000000,207606.000000,7795605248.000000,1.750000,0.830000,62.000000,7795605248.000000
2023-01-20,7702.000000,7504.000000,7540.000000,7696.000000,187151.000000,7124838656.000000,2.640000,2.480000,186.000000,7124838656.000000
2023-01-30,7680.000000,7490.000000,7646.000000,7558.000000,165504.000000,6246120960.000000,2.500000,-0.740000,-56.000000,6246120960.000000
2023-01-31,7596.000000,7412.000000,7584.000000,7470.000000,180543.000000,6759529984.000000,2.440000,-1.030000,-78.000000,6759529984.000000
2023-02-01,7564.000000,7416.000000,7478.000000,7486.000000,154543.000000,5787635456.000000,1.980000,-0.030000,-2.000000,5787635456.000000
2023-02-02,7506.000000,7258.000000,7506.000000,7296.000000,203211.000000,7514742784.000000,3.310000,-2.590000,-194.000000,7514742784.000000
2023-02-03,7356.000000,7262.000000,7272.000000,7320.000000,113145.000000,4136581200.000000,1.270000,-1.030000,-76.000000,4136581200.000000
2023-02-06,7384.000000,7208.000000,7312.000000,7282.000000,122161.000000,4447881984.000000,2.410000,-0.410000,-30.000000,4447881984.000000
2023-02-07,7402.000000,7266.000000,7316.000000,7320.000000,113692.000000,4164537968.000000,1.870000,0.520000,38.000000,4164537968.000000
2023-02-08,7392.000000,7282.000000,7330.000000,7288.000000,160161.000000,5868299008.000000,1.500000,-0.520000,-38.000000,5868299008.000000
2023-02-09,7356.000000,7258.000000,7310.000000,7268.000000,182342.000000,6659129856.000000,1.340000,-0.820000,-60.000000,6659129856.000000
2023-02-10,7270.000000,7014.000000,7268.000000,7080.000000,302446.000000,10779175424.000000,3.500000,-3.070000,-224.000000,10779175424.000000
2023-02-13,7122.000000,7042.000000,7122.000000,7052.000000,207223.000000,7335694336.000000,1.120000,-1.070000,-76.000000,7335694336.000000
2023-02-14,7088.000000,7008.000000,7070.000000,7048.000000,207455.000000,7312788736.000000,1.130000,-0.450000,-32.000000,7312788736.000000
2023-02-15,7112.000000,7014.000000,7048.000000,7060.000000,207519.000000,7325420800.000000,1.390000,0.140000,10.000000,7325420800.000000
2023-02-16,7140.000000,7030.000000,7060.000000,7136.000000,237328.000000,8401411328.000000,1.560000,1.080000,76.000000,8401411328.000000
2023-02-17,7150.000000,7044.000000,7120.000000,7068.000000,200425.000000,7109074688.000000,1.500000,-0.170000,-12.000000,7109074688.000000
2023-02-20,7062.000000,6964.000000,7012.000000,7018.000000,99460.000000,3494029808.000000,1.380000,-1.070000,-76.000000,3494029808.000000