2014-07-09,2816.000000,2760.000000,2760.000000,2813.000000,12508.000000,0.000000,0.000000,0.000000,0.000000,0.000000
2014-07-10,2824.000000,2799.000000,2820.000000,2804.000000,4525.000000,0.000000,0.890000,0.070000,2.000000,0.000000
2014-07-11,2810.000000,2795.000000,2805.000000,2804.000000,1095.000000,0.000000,0.530000,-0.110000,-3.000000,0.000000
2014-07-14,2845.000000,2804.000000,2805.000000,2828.000000,2034.000000,0.000000,1.460000,0.930000,26.000000,0.000000
2014-07-15,2839.000000,2818.000000,2828.000000,2830.000000,842.000000,0.000000,0.740000,0.280000,8.000000,0.000000
2014-07-16,2837.000000,2826.000000,2833.000000,2831.000000,681.000000,0.000000,0.390000,0.070000,2.000000,0.000000
2014-07-17,2833.000000,2816.000000,2833.000000,2828.000000,491.000000,0.000000,0.600000,-0.140000,-4.000000,0.000000
2014-07-18,2828.000000,2806.000000,2823.000000,2815.000000,533.000000,0.000000,0.780000,-0.420000,-12.000000,0.000000
2014-07-21,2824.000000,2806.000000,2811.000000,2816.000000,656.000000,0.000000,0.640000,0.040000,1.000000,0.000000
2014-07-22,2822.000000,2808.000000,2808.000000,2819.000000,234.000000,0.000000,0.500000,0.180000,5.000000,0.000000
2014-07-23,2829.000000,2815.000000,2817.000000,2823.000000,368.000000,0.000000,0.500000,0.140000,4.000000,0.000000
2014-07-24,2825.000000,2815.000000,2823.000000,2820.000000,261.000000,0.000000,0.350000,0.000000,0.000000,0.000000
2014-07-25,2845.000000,2820.000000,2822.000000,2839.000000,1124.000000,0.000000,0.890000,0.750000,21.000000,0.000000
2014-07-28,2874.000000,2835.000000,2836.000000,2872.000000,1539.000000,0.000000,1.380000,1.310000,37.000000,0.000000
2014-07-29,2878.000000,2857.000000,2865.000000,2878.000000,1296.000000,0.000000,0.740000,0.910000,26.000000,0.000000
2014-07-30,2904.000000,2875.000000,2880.000000,2887.000000,2586.000000,0.000000,1.010000,0.590000,17.000000,0.000000
2014-07-31,2890.000000,2876.000000,2886.000000,2881.000000,1076.000000,0.000000,0.480000,-0.350000,-10.000000,0.000000
2014-08-01,2885.000000,2867.000000,2880.000000,2872.000000,1132.000000,0.000000,0.620000,-0.420000,-12.000000,0.000000
2014-08-04,2875.000000,2861.000000,2875.000000,2864.000000,606.000000,0.000000,0.490000,-0.380000,-11.000000,0.000000
2014-08-05,2878.000000,2851.000000,2868.000000,2855.000000,762.000000,0.000000,0.940000,-0.350000,-10.000000,0.000000
2014-08-06,2859.000000,2845.000000,2857.000000,2846.000000,515.000000,0.000000,0.490000,-0.660000,-19.000000,0.000000
2014-08-07,2855.000000,2843.000000,2848.000000,2850.000000,682.000000,0.000000,0.420000,-0.040000,-1.000000,0.000000
2014-08-08,2858.000000,2835.000000,2852.000000,2840.000000,705.000000,0.000000,0.810000,-0.320000,-9.000000,0.000000
2014-08-11,2851.000000,2836.000000,2841.000000,2846.000000,598.000000,0.000000,0.530000,-0.140000,-4.000000,0.000000
2014-08-12,2875.000000,2843.000000,2850.000000,2855.000000,539.000000,0.000000,1.130000,0.390000,11.000000,0.000000
2014-08-13,2867.000000,2851.000000,2856.000000,2857.000000,741.000000,0.000000,0.560000,0.040000,1.000000,0.000000
2014-08-14,2875.000000,2857.000000,2858.000000,2863.000000,587.000000,0.000000,0.630000,0.070000,2.000000,0.000000
2014-08-15,2863.000000,2842.000000,2859.000000,2851.000000,614.000000,0.000000,0.730000,-0.590000,-17.000000,0.000000
2014-08-18,2861.000000,2843.000000,2852.000000,2857.000000,536.000000,0.000000,0.630000,0.210000,6.000000,0.000000
2014-08-19,2881.000000,2848.000000,2879.000000,2848.000000,263.000000,0.000000,1.160000,-0.180000,-5.000000,0.000000
2014-08-20,2850.000000,2826.000000,2842.000000,2836.000000,305.000000,0.000000,0.840000,-0.770000,-22.000000,0.000000
2014-08-21,2860.000000,2837.000000,2840.000000,2845.000000,320.000000,0.000000,0.810000,0.250000,7.000000,0.000000
2014-08-22,2851.000000,2840.000000,2851.000000,2842.000000,156.000000,0.000000,0.390000,-0.280000,-8.000000,0.000000
2014-08-25,2842.000000,2831.000000,2840.000000,2832.000000,351.000000,0.000000,0.390000,-0.390000,-11.000000,0.000000
2014-08-26,2847.000000,2832.000000,2832.000000,2842.000000,334.000000,0.000000,0.530000,0.210000,6.000000,0.000000
2014-08-27,2847.000000,2839.000000,2845.000000,2841.000000,311.000000,0.000000,0.280000,-0.070000,-2.000000,0.000000
2014-08-28,2859.000000,2841.000000,2859.000000,2849.000000,67.000000,0.000000,0.630000,0.180000,5.000000,0.000000
2014-08-29,2853.000000,2832.000000,2849.000000,2837.000000,210.000000,0.000000,0.740000,-0.320000,-9.000000,0.000000
2014-09-01,2837.000000,2831.000000,2835.000000,2831.000000,61.000000,0.000000,0.210000,-0.560000,-16.000000,0.000000
2014-09-02,2839.000000,2812.000000,2821.000000,2830.000000,169.000000,0.000000,0.950000,-0.140000,-4.000000,0.000000
2014-09-03,2847.000000,2827.000000,2847.000000,2828.000000,168.000000,0.000000,0.710000,-0.180000,-5.000000,0.000000
2014-09-04,2835.000000,2825.000000,2827.000000,2829.000000,359.000000,0.000000,0.350000,-0.280000,-8.000000,0.000000
2014-09-05,2836.000000,2821.000000,2836.000000,2821.000000,160.000000,0.000000,0.530000,-0.350000,-10.000000,0.000000
2014-09-08,2830.000000,2821.000000,2821.000000,2825.000000,70.000000,0.000000,0.320000,-0.210000,-6.000000,0.000000
2014-09-10,2839.000000,2804.000000,2839.000000,2807.000000,467.000000,0.000000,1.240000,-0.600000,-17.000000,0.000000
2014-09-11,2821.000000,2801.000000,2812.000000,2820.000000,217.000000,0.000000,0.710000,-0.040000,-1.000000,0.000000
2014-09-12,2831.000000,2820.000000,2820.000000,2825.000000,220.000000,0.000000,0.390000,0.500000,14.000000,0.000000
2014-09-15,2835.000000,2814.000000,2827.000000,2830.000000,163.000000,0.000000,0.740000,0.180000,5.000000,0.000000
2014-09-16,2849.000000,2827.000000,2846.000000,2839.000000,86.000000,0.000000,0.780000,0.420000,12.000000,0.000000
2014-09-17,2835.000000,2832.000000,2834.000000,2833.000000,36.000000,0.000000,0.110000,-0.040000,-1.000000,0.000000
2014-09-18,2840.000000,2833.000000,2839.000000,2838.000000,53.000000,0.000000,0.250000,0.180000,5.000000,0.000000
2014-09-19,2838.000000,2831.000000,2835.000000,2835.000000,38.000000,0.000000,0.250000,-0.070000,-2.000000,0.000000
2014-09-22,2838.000000,2825.000000,2832.000000,2834.000000,127.000000,0.000000,0.460000,0.040000,1.000000,0.000000
2014-09-23,2838.000000,2830.000000,2833.000000,2831.000000,72.000000,0.000000,0.280000,-0.070000,-2.000000,0.000000
2014-09-24,2840.000000,2831.000000,2837.000000,2836.000000,89.000000,0.000000,0.320000,0.140000,4.000000,0.000000
2014-09-25,2840.000000,2826.000000,2826.000000,2833.000000,56.000000,0.000000,0.490000,-0.110000,-3.000000,0.000000
2014-09-26,2838.000000,2829.000000,2838.000000,2834.000000,30.000000,0.000000,0.320000,0.040000,1.000000,0.000000
2014-09-29,2840.000000,2823.000000,2829.000000,2835.000000,60.000000,0.000000,0.600000,0.070000,2.000000,0.000000
2014-09-30,2838.000000,2806.000000,2838.000000,2834.000000,53.000000,0.000000,1.130000,0.070000,2.000000,0.000000
2014-10-01,2834.000000,2821.000000,2821.000000,2834.000000,33.000000,0.000000,0.460000,0.250000,7.000000,0.000000
2014-10-02,2834.000000,2821.000000,2821.000000,2834.000000,33.000000,0.000000,0.460000,0.110000,3.000000,0.000000
2014-10-03,2834.000000,2821.000000,2821.000000,2834.000000,33.000000,0.000000,0.460000,0.110000,3.000000,0.000000
2014-10-06,2834.000000,2821.000000,2821.000000,2834.000000,33.000000,0.000000,0.460000,0.110000,3.000000,0.000000
2014-10-09,2839.000000,2832.000000,2832.000000,2838.000000,72.000000,0.000000,0.250000,0.250000,7.000000,0.000000
2014-10-10,2838.000000,2832.000000,2837.000000,2838.000000,62.000000,0.000000,0.210000,0.040000,1.000000,0.000000
2014-10-13,2850.000000,2810.000000,2850.000000,2836.000000,119.000000,0.000000,1.410000,0.040000,1.000000,0.000000
2014-10-14,2836.000000,2823.000000,2831.000000,2827.000000,65.000000,0.000000,0.460000,-0.320000,-9.000000,0.000000
2014-10-15,2838.000000,2826.000000,2831.000000,2835.000000,147.000000,0.000000,0.420000,0.210000,6.000000,0.000000
2014-10-16,2837.000000,2833.000000,2837.000000,2836.000000,67.000000,0.000000,0.140000,0.070000,2.000000,0.000000
2014-10-17,2842.000000,2833.000000,2833.000000,2842.000000,64.000000,0.000000,0.320000,0.250000,7.000000,0.000000
2014-10-20,2847.000000,2837.000000,2844.000000,2841.000000,63.000000,0.000000,0.350000,0.110000,3.000000,0.000000
2014-10-21,2847.000000,2835.000000,2835.000000,2845.000000,29.000000,0.000000,0.420000,0.110000,3.000000,0.000000
2014-10-22,2845.000000,2835.000000,2838.000000,2835.000000,57.000000,0.000000,0.350000,-0.210000,-6.000000,0.000000
2014-10-23,2847.000000,2835.000000,2842.000000,2842.000000,13.000000,0.000000,0.420000,0.180000,5.000000,0.000000
2014-10-24,2842.000000,2831.000000,2836.000000,2839.000000,67.000000,0.000000,0.390000,-0.140000,-4.000000,0.000000
2014-10-27,2840.000000,2833.000000,2837.000000,2836.000000,39.000000,0.000000,0.250000,0.070000,2.000000,0.000000
2014-10-28,2840.000000,2823.000000,2824.000000,2840.000000,16.000000,0.000000,0.600000,0.110000,3.000000,0.000000
2014-10-29,2845.000000,2834.000000,2836.000000,2840.000000,110.000000,0.000000,0.390000,0.180000,5.000000,0.000000
2014-10-30,2842.000000,2836.000000,2841.000000,2837.000000,22.000000,0.000000,0.210000,-0.110000,-3.000000,0.000000
2014-10-31,2841.000000,2836.000000,2837.000000,2837.000000,52.000000,0.000000,0.180000,-0.070000,-2.000000,0.000000
2014-11-03,2844.000000,2837.000000,2840.000000,2839.000000,46.000000,0.000000,0.250000,0.040000,1.000000,0.000000
2014-11-04,2841.000000,2825.000000,2825.000000,2835.000000,38.000000,0.000000,0.560000,-0.210000,-6.000000,0.000000
2014-11-05,2839.000000,2835.000000,2835.000000,2839.000000,14.000000,0.000000,0.140000,0.140000,4.000000,0.000000
2014-11-06,2837.000000,2814.000000,2831.000000,2825.000000,30.000000,0.000000,0.810000,-0.420000,-12.000000,0.000000
2014-11-07,2833.000000,2823.000000,2828.000000,2833.000000,6.000000,0.000000,0.350000,0.210000,6.000000,0.000000
2014-11-10,2837.000000,2824.000000,2836.000000,2830.000000,12.000000,0.000000,0.460000,0.070000,2.000000,0.000000
2014-11-11,2832.000000,2829.000000,2832.000000,2829.000000,3.000000,0.000000,0.110000,0.000000,0.000000,0.000000
2014-11-12,2829.000000,2816.000000,2826.000000,2820.000000,11.000000,0.000000,0.460000,-0.350000,-10.000000,0.000000
2014-11-13,2829.000000,2820.000000,2825.000000,2829.000000,5.000000,0.000000,0.320000,0.210000,6.000000,0.000000
2014-11-14,2838.000000,2828.000000,2836.000000,2828.000000,18.000000,0.000000,0.350000,0.040000,1.000000,0.000000
2014-11-17,2836.000000,2828.000000,2832.000000,2832.000000,12.000000,0.000000,0.280000,-0.070000,-2.000000,0.000000
2014-11-18,2834.000000,2832.000000,2834.000000,2834.000000,5.000000,0.000000,0.070000,0.040000,1.000000,0.000000
2014-11-19,2839.000000,2832.000000,2839.000000,2836.000000,16.000000,0.000000,0.250000,0.070000,2.000000,0.000000
2014-11-20,2838.000000,2827.000000,2837.000000,2838.000000,24.000000,0.000000,0.390000,0.000000,0.000000,0.000000
2014-11-21,2839.000000,2828.000000,2830.000000,2833.000000,354.000000,0.000000,0.390000,-0.070000,-2.000000,0.000000
2014-11-24,2847.000000,2828.000000,2847.000000,2834.000000,409.000000,0.000000,0.670000,0.070000,2.000000,0.000000
2014-11-25,2837.000000,2831.000000,2837.000000,2834.000000,357.000000,0.000000,0.210000,0.070000,2.000000,0.000000
2014-11-26,2836.000000,2830.000000,2832.000000,2835.000000,91.000000,0.000000,0.210000,0.110000,3.000000,0.000000
2014-11-27,2837.000000,2832.000000,2834.000000,2832.000000,79.000000,0.000000,0.180000,-0.040000,-1.000000,0.000000
2014-11-28,2834.000000,2826.000000,2832.000000,2830.000000,102.000000,0.000000,0.280000,-0.140000,-4.000000,0.000000
2014-12-01,2832.000000,2827.000000,2829.000000,2828.000000,26.000000,0.000000,0.180000,-0.110000,-3.000000,0.000000
2014-12-02,2835.000000,2822.000000,2825.000000,2835.000000,178.000000,0.000000,0.460000,0.210000,6.000000,0.000000
2014-12-03,2835.000000,2835.000000,2835.000000,2835.000000,6.000000,0.000000,0.000000,0.180000,5.000000,0.000000
2014-12-04,2838.000000,2820.000000,2838.000000,2829.000000,29.000000,0.000000,0.630000,-0.210000,-6.000000,0.000000
2014-12-05,2835.000000,2825.000000,2834.000000,2830.000000,13.000000,0.000000,0.350000,0.000000,0.000000,0.000000
2014-12-08,2836.000000,2830.000000,2835.000000,2836.000000,2.000000,0.000000,0.210000,0.180000,5.000000,0.000000
2014-12-09,2930.000000,2835.000000,2930.000000,2835.000000,16.000000,0.000000,3.350000,-0.040000,-1.000000,0.000000
2014-12-10,2839.000000,2830.000000,2838.000000,2839.000000,22.000000,0.000000,0.320000,-0.210000,-6.000000,0.000000
2014-12-11,2840.000000,2833.000000,2838.000000,2840.000000,45.000000,0.000000,0.250000,0.180000,5.000000,0.000000
2014-12-12,2844.000000,2831.000000,2840.000000,2833.000000,10.000000,0.000000,0.460000,-0.210000,-6.000000,0.000000
2014-12-15,2848.000000,2835.000000,2842.000000,2848.000000,670.000000,0.000000,0.460000,0.350000,10.000000,0.000000
2014-12-16,2854.000000,2848.000000,2848.000000,2854.000000,15.000000,0.000000,0.210000,0.350000,10.000000,0.000000
2014-12-17,2849.000000,2840.000000,2849.000000,2846.000000,6.000000,0.000000,0.320000,-0.140000,-4.000000,0.000000
2014-12-18,2850.000000,2840.000000,2849.000000,2850.000000,11.000000,0.000000,0.350000,0.250000,7.000000,0.000000
2014-12-19,2875.000000,2849.000000,2849.000000,2875.000000,205.000000,0.000000,0.910000,0.910000,26.000000,0.000000
2014-12-22,2930.000000,2851.000000,2852.000000,2900.000000,18.000000,0.000000,2.770000,1.790000,51.000000,0.000000
2014-12-23,2899.000000,2781.000000,2781.000000,2840.000000,13.000000,0.000000,4.090000,-1.530000,-44.000000,0.000000
2014-12-24,2885.000000,2827.000000,2827.000000,2844.000000,6.000000,0.000000,2.030000,-0.250000,-7.000000,0.000000
2014-12-25,2881.000000,2852.000000,2880.000000,2861.000000,6.000000,0.000000,1.020000,0.350000,10.000000,0.000000
2014-12-26,2919.000000,2885.000000,2919.000000,2890.000000,22.000000,0.000000,1.190000,0.870000,25.000000,0.000000
2014-12-29,2890.000000,2871.000000,2889.000000,2890.000000,3.000000,0.000000,0.660000,-0.070000,-2.000000,0.000000
2014-12-30,2890.000000,2889.000000,2889.000000,2890.000000,8.000000,0.000000,0.030000,0.240000,7.000000,0.000000
2014-12-31,2890.000000,2885.000000,2890.000000,2885.000000,6.000000,0.000000,0.170000,-0.170000,-5.000000,0.000000
2015-01-01,2890.000000,2890.000000,2890.000000,2890.000000,9.000000,0.000000,0.000000,0.140000,4.000000,0.000000
2015-01-02,2890.000000,2890.000000,2890.000000,2890.000000,9.000000,0.000000,0.000000,0.000000,0.000000,0.000000
2015-01-05,2890.000000,2890.000000,2890.000000,2890.000000,9.000000,0.000000,0.000000,0.000000,0.000000,0.000000
2015-01-08,2876.000000,2829.000000,2829.000000,2832.000000,4.000000,0.000000,1.630000,-2.010000,-58.000000,0.000000
2015-01-13,2832.000000,2832.000000,2832.000000,2832.000000,1.000000,0.000000,0.000000,-0.350000,-10.000000,0.000000
2015-01-14,2860.000000,2824.000000,2824.000000,2840.000000,6.000000,0.000000,1.270000,0.280000,8.000000,0.000000
2015-01-15,2849.000000,2836.000000,2849.000000,2836.000000,4.000000,0.000000,0.460000,-0.040000,-1.000000,0.000000
2015-01-16,2843.000000,2833.000000,2840.000000,2837.000000,11.000000,0.000000,0.350000,-0.110000,-3.000000,0.000000
2015-01-19,2829.000000,2787.000000,2826.000000,2787.000000,46.000000,0.000000,1.480000,-1.830000,-52.000000,0.000000
2015-01-20,2808.000000,2780.000000,2807.000000,2782.000000,29.000000,0.000000,0.990000,-1.210000,-34.000000,0.000000
2015-01-21,2783.000000,2779.000000,2783.000000,2779.000000,10.000000,0.000000,0.140000,-0.470000,-13.000000,0.000000
2015-01-22,2782.000000,2782.000000,2782.000000,2782.000000,1.000000,0.000000,0.000000,0.000000,0.000000,0.000000
2015-01-23,2788.000000,2772.000000,2772.000000,2779.000000,11.000000,0.000000,0.580000,-0.110000,-3.000000,0.000000
2015-01-26,2797.000000,2775.000000,2797.000000,2780.000000,25.000000,0.000000,0.790000,-0.040000,-1.000000,0.000000
2015-01-27,2790.000000,2789.000000,2789.000000,2790.000000,3.000000,0.000000,0.040000,0.320000,9.000000,0.000000
2015-01-28,2792.000000,2778.000000,2778.000000,2789.000000,17.000000,0.000000,0.500000,0.000000,0.000000,0.000000
2015-01-29,2789.000000,2789.000000,2789.000000,2789.000000,1.000000,0.000000,0.000000,0.000000,0.000000,0.000000
2015-01-30,2794.000000,2788.000000,2794.000000,2788.000000,2.000000,0.000000,0.220000,-0.040000,-1.000000,0.000000
2015-02-02,2787.000000,2780.000000,2787.000000,2780.000000,7.000000,0.000000,0.250000,-0.390000,-11.000000,0.000000
2015-02-04,2782.000000,2782.000000,2782.000000,2782.000000,1.000000,0.000000,0.000000,0.040000,1.000000,0.000000
2015-02-05,2792.000000,2781.000000,2789.000000,2782.000000,7.000000,0.000000,0.400000,0.000000,0.000000,0.000000
2015-02-06,2785.000000,2784.000000,2784.000000,2785.000000,2.000000,0.000000,0.040000,0.000000,0.000000,0.000000
2015-02-09,2787.000000,2787.000000,2787.000000,2787.000000,1.000000,0.000000,0.000000,0.070000,2.000000,0.000000
2015-02-12,2793.000000,2755.000000,2781.000000,2784.000000,10.000000,0.000000,1.360000,-0.110000,-3.000000,0.000000
2015-02-13,2789.000000,2766.000000,2787.000000,2766.000000,6.000000,0.000000,0.830000,-0.430000,-12.000000,0.000000
2015-02-16,2785.000000,2769.000000,2783.000000,2769.000000,10.000000,0.000000,0.570000,-0.500000,-14.000000,0.000000
2015-02-17,2785.000000,2780.000000,2784.000000,2780.000000,3.000000,0.000000,0.180000,-0.070000,-2.000000,0.000000
2015-02-26,2784.000000,2784.000000,2784.000000,2784.000000,1.000000,0.000000,0.000000,0.040000,1.000000,0.000000
2015-03-04,2776.000000,2768.000000,2776.000000,2771.000000,3.000000,0.000000,0.290000,-0.470000,-13.000000,0.000000
2015-03-05,2873.000000,2768.000000,2873.000000,2779.000000,3.000000,0.000000,3.790000,0.250000,7.000000,0.000000
2015-03-11,2783.000000,2771.000000,2783.000000,2771.000000,2.000000,0.000000,0.430000,-1.280000,-36.000000,0.000000
2015-03-12,2775.000000,2766.000000,2773.000000,2775.000000,16.000000,0.000000,0.320000,-0.070000,-2.000000,0.000000
2015-03-13,2779.000000,2766.000000,2779.000000,2766.000000,2.000000,0.000000,0.470000,-0.110000,-3.000000,0.000000
2015-03-16,2781.000000,2755.000000,2764.000000,2781.000000,6.000000,0.000000,0.940000,0.290000,8.000000,0.000000
2015-03-17,2768.000000,2767.000000,2768.000000,2767.000000,2.000000,0.000000,0.040000,0.070000,2.000000,0.000000
2015-03-18,2760.000000,2749.000000,2750.000000,2750.000000,12.000000,0.000000,0.400000,-0.650000,-18.000000,0.000000
2015-03-19,2734.000000,2734.000000,2734.000000,2734.000000,5.000000,0.000000,0.000000,-0.580000,-16.000000,0.000000
2015-03-20,2748.000000,2748.000000,2748.000000,2748.000000,2.000000,0.000000,0.000000,0.510000,14.000000,0.000000
2015-03-23,2766.000000,2740.000000,2740.000000,2759.000000,11.000000,0.000000,0.950000,0.400000,11.000000,0.000000
2015-03-24,2779.000000,2748.000000,2779.000000,2748.000000,10.000000,0.000000,1.120000,-0.330000,-9.000000,0.000000
2015-03-25,2732.000000,2727.000000,2732.000000,2727.000000,3.000000,0.000000,0.180000,-0.940000,-26.000000,0.000000
2015-03-26,2748.000000,2748.000000,2748.000000,2748.000000,1.000000,0.000000,0.000000,0.700000,19.000000,0.000000
2015-03-27,2716.000000,2715.000000,2716.000000,2715.000000,2.000000,0.000000,0.040000,-1.200000,-33.000000,0.000000
2015-03-30,2727.000000,2715.000000,2727.000000,2727.000000,1.000000,0.000000,0.440000,0.410000,11.000000,0.000000
2015-03-31,2674.000000,2670.000000,2670.000000,2674.000000,4.000000,0.000000,0.150000,-1.940000,-53.000000,0.000000
2015-04-01,2675.000000,2578.000000,2670.000000,2642.000000,16.000000,0.000000,3.630000,-1.090000,-29.000000,0.000000
2015-04-02,2667.000000,2664.000000,2664.000000,2667.000000,2.000000,0.000000,0.110000,0.680000,18.000000,0.000000
2015-04-07,2652.000000,2640.000000,2648.000000,2650.000000,21.000000,0.000000,0.450000,-0.600000,-16.000000,0.000000
2015-04-09,2730.000000,2641.000000,2730.000000,2641.000000,3.000000,0.000000,3.360000,-0.260000,-7.000000,0.000000
2015-04-13,2659.000000,2635.000000,2635.000000,2641.000000,11.000000,0.000000,0.890000,-2.190000,-59.000000,0.000000
2015-04-14,2670.000000,2665.000000,2670.000000,2670.000000,32.000000,0.000000,0.190000,1.020000,27.000000,0.000000
2015-04-15,2767.000000,2636.000000,2767.000000,2636.000000,5.000000,0.000000,4.910000,-1.270000,-34.000000,0.000000
2015-04-16,2741.000000,2697.000000,2702.000000,2697.000000,12.000000,0.000000,1.650000,1.010000,27.000000,0.000000
2015-04-20,2820.000000,2733.000000,2820.000000,2733.000000,4.000000,221920.000000,3.180000,-0.040000,-1.000000,221920.000000
2015-04-21,2795.000000,2770.000000,2770.000000,2795.000000,3.000000,167160.000000,0.910000,2.270000,62.000000,167160.000000
2015-04-22,2850.000000,2762.000000,2762.000000,2850.000000,2.000000,112240.000000,3.160000,2.300000,64.000000,112240.000000
2015-04-23,2800.000000,2740.000000,2800.000000,2740.000000,4.000000,221600.000000,2.140000,-2.350000,-66.000000,221600.000000
2015-04-24,2716.000000,2716.000000,2716.000000,2716.000000,2.000000,108640.000000,0.000000,-0.880000,-24.000000,108640.000000
2015-04-28,2699.000000,2630.000000,2660.000000,2699.000000,6.000000,319560.000000,2.540000,-0.630000,-17.000000,319560.000000
2015-04-29,2633.000000,2633.000000,2633.000000,2633.000000,1.000000,52660.000000,0.000000,-2.450000,-66.000000,52660.000000
2015-04-30,2600.000000,2600.000000,2600.000000,2600.000000,1.000000,52000.000000,0.000000,-1.250000,-33.000000,52000.000000
2015-05-05,2588.000000,2588.000000,2588.000000,2588.000000,1.000000,51760.000000,0.000000,-0.460000,-12.000000,51760.000000
2015-05-06,2555.000000,2555.000000,2555.000000,2555.000000,1.000000,51100.000000,0.000000,-1.280000,-33.000000,51100.000000
2015-05-08,2530.000000,2530.000000,2530.000000,2530.000000,11.000000,556600.000000,0.000000,-0.980000,-25.000000,556600.000000
2015-05-12,2488.000000,2488.000000,2488.000000,2488.000000,10.000000,497600.000000,0.000000,-1.660000,-42.000000,497600.000000
2015-05-14,2751.000000,2751.000000,2751.000000,2751.000000,15.000000,825300.000000,0.000000,10.570000,263.000000,825300.000000
2015-05-15,2800.000000,2800.000000,2800.000000,2800.000000,1.000000,56000.000000,0.000000,1.780000,49.000000,56000.000000
2015-07-03,2459.000000,2459.000000,2459.000000,2459.000000,1.000000,49180.000000,0.000000,-12.180000,-341.000000,49180.000000
2015-07-07,2401.000000,2401.000000,2401.000000,2401.000000,1.000000,48020.000000,0.000000,-2.360000,-58.000000,48020.000000
2015-07-08,2498.000000,2498.000000,2498.000000,2498.000000,1.000000,49960.000000,0.000000,4.040000,97.000000,49960.000000
2015-08-11,2559.000000,2559.000000,2559.000000,2559.000000,1.000000,51180.000000,0.000000,2.440000,61.000000,51180.000000
2015-08-28,2769.000000,2489.000000,2769.000000,2489.000000,2.000000,105160.000000,10.940000,-2.740000,-70.000000,105160.000000
2015-09-07,2599.000000,2599.000000,2599.000000,2599.000000,52.000000,2702960.000000,0.000000,-1.140000,-30.000000,2702960.000000
2015-11-16,2628.000000,2344.000000,2344.000000,2627.000000,5.000000,252900.000000,11.780000,8.960000,216.000000,252900.000000
2015-12-07,2628.000000,2432.000000,2628.000000,2432.000000,2.000000,101200.000000,7.460000,-7.420000,-195.000000,101200.000000
2016-01-04,2548.000000,2380.000000,2460.000000,2548.000000,10.000000,494000.000000,6.910000,4.770000,116.000000,494000.000000
2016-02-17,2542.000000,2542.000000,2542.000000,2542.000000,2.000000,101680.000000,0.000000,-0.240000,-6.000000,101680.000000
2016-03-15,2819.000000,2674.000000,2819.000000,2773.000000,17.000000,934660.000000,5.700000,9.090000,231.000000,934660.000000
2016-04-29,2700.000000,2700.000000,2700.000000,2700.000000,1.000000,54000.000000,0.000000,-2.630000,-73.000000,54000.000000
2016-05-25,2475.000000,2475.000000,2475.000000,2475.000000,1.000000,49500.000000,0.000000,-8.330000,-225.000000,49500.000000
2016-05-31,2574.000000,2400.000000,2400.000000,2574.000000,4.000000,202240.000000,7.030000,4.000000,99.000000,202240.000000
2016-06-23,2440.000000,2440.000000,2440.000000,2440.000000,2.000000,97600.000000,0.000000,-5.210000,-134.000000,97600.000000
2016-06-24,2466.000000,2466.000000,2466.000000,2466.000000,1.000000,49320.000000,0.000000,1.070000,26.000000,49320.000000
2016-07-01,2481.000000,2481.000000,2481.000000,2481.000000,1.000000,49620.000000,0.000000,0.610000,15.000000,49620.000000
2016-07-04,2581.000000,2499.000000,2499.000000,2502.000000,3.000000,151620.000000,3.310000,0.850000,21.000000,151620.000000
2016-07-05,2629.000000,2618.000000,2618.000000,2629.000000,2.000000,104960.000000,0.440000,4.040000,102.000000,104960.000000
2016-07-06,2630.000000,2630.000000,2630.000000,2630.000000,1.000000,52600.000000,0.000000,0.230000,6.000000,52600.000000
2016-07-12,2630.000000,2624.000000,2630.000000,2624.000000,2.000000,105080.000000,0.230000,-0.230000,-6.000000,105080.000000
2016-08-05,2732.000000,2522.000000,2522.000000,2640.000000,11.000000,576840.000000,7.990000,0.490000,13.000000,576840.000000
2016-09-28,2789.000000,2573.000000,2573.000000,2698.000000,52.000000,2760160.000000,8.240000,2.900000,76.000000,2760160.000000
2016-10-12,2660.000000,2602.000000,2602.000000,2660.000000,3.000000,157320.000000,2.190000,0.230000,6.000000,157320.000000
2016-10-13,2727.000000,2517.000000,2517.000000,2551.000000,16.000000,821120.000000,8.010000,-2.710000,-71.000000,821120.000000
2016-10-14,2662.000000,2499.000000,2662.000000,2499.000000,22.000000,1119360.000000,6.350000,-2.610000,-67.000000,1119360.000000
2016-10-17,2646.000000,2446.000000,2446.000000,2643.000000,28.000000,1442560.000000,7.860000,3.890000,99.000000,1442560.000000
2016-10-28,2498.000000,2498.000000,2498.000000,2498.000000,1.000000,49960.000000,0.000000,-3.030000,-78.000000,49960.000000
2016-10-31,2598.000000,2598.000000,2598.000000,2598.000000,1.000000,51960.000000,0.000000,4.000000,100.000000,51960.000000
2016-11-01,2779.000000,2779.000000,2779.000000,2779.000000,2.000000,111160.000000,0.000000,6.970000,181.000000,111160.000000
2016-11-16,2973.000000,2802.000000,2973.000000,2851.000000,14.000000,808080.000000,6.150000,2.590000,72.000000,808080.000000
2016-11-17,2890.000000,2790.000000,2890.000000,2821.000000,5.000000,283600.000000,3.470000,-2.250000,-65.000000,283600.000000
2016-11-18,2950.000000,2726.000000,2950.000000,2799.000000,5.000000,280500.000000,7.900000,-1.300000,-37.000000,280500.000000
2016-11-21,2799.000000,2713.000000,2799.000000,2750.000000,5.000000,275000.000000,3.070000,-1.960000,-55.000000,275000.000000
2016-11-22,2860.000000,2860.000000,2860.000000,2860.000000,1.000000,57200.000000,0.000000,4.000000,110.000000,57200.000000
2016-12-02,2923.000000,2766.000000,2766.000000,2923.000000,2.000000,113800.000000,5.490000,2.200000,63.000000,113800.000000
2016-12-08,2959.000000,2886.000000,2896.000000,2929.000000,29.000000,1699400.000000,2.570000,2.950000,84.000000,1699400.000000
2016-12-12,2924.000000,2924.000000,2924.000000,2924.000000,1.000000,58480.000000,0.000000,-0.200000,-6.000000,58480.000000
2016-12-15,2984.000000,2984.000000,2984.000000,2984.000000,1.000000,59680.000000,0.000000,2.050000,60.000000,59680.000000
2016-12-26,2837.000000,2660.000000,2818.000000,2762.000000,21.000000,1162140.000000,5.930000,-7.440000,-222.000000,1162140.000000
2017-01-04,2901.000000,2876.000000,2901.000000,2876.000000,2.000000,115560.000000,0.900000,3.940000,109.000000,115560.000000
2017-02-06,2974.000000,2801.000000,2802.000000,2910.000000,9.000000,523080.000000,5.990000,0.730000,21.000000,523080.000000
2017-02-07,2917.000000,2915.000000,2915.000000,2917.000000,2.000000,116640.000000,0.070000,0.380000,11.000000,116640.000000
2017-02-10,2918.000000,2911.000000,2918.000000,2911.000000,3.000000,174840.000000,0.240000,-0.170000,-5.000000,174840.000000
2017-02-13,2964.000000,2913.000000,2964.000000,2913.000000,4.000000,234080.000000,1.750000,-0.030000,-1.000000,234080.000000
2017-02-17,3035.000000,2868.000000,2868.000000,2935.000000,10.000000,585400.000000,5.710000,0.310000,9.000000,585400.000000
2017-02-22,3265.000000,2837.000000,2837.000000,2989.000000,5.000000,302800.000000,14.620000,2.120000,62.000000,302800.000000
2017-02-27,3001.000000,2868.000000,2868.000000,2938.000000,6.000000,350280.000000,4.390000,-2.970000,-90.000000,350280.000000
2017-03-21,2948.000000,2820.000000,2820.000000,2935.000000,3.000000,174060.000000,4.390000,0.550000,16.000000,174060.000000
2017-03-23,2995.000000,2785.000000,2785.000000,2789.000000,7.000000,405020.000000,7.240000,-3.860000,-112.000000,405020.000000
2017-07-14,3022.000000,2807.000000,2810.000000,2901.000000,11.000000,638660.000000,7.430000,0.280000,8.000000,638660.000000
2017-07-24,3006.000000,2789.000000,2789.000000,2970.000000,12.000000,712080.000000,7.480000,2.310000,67.000000,712080.000000
2017-07-25,3067.000000,2888.000000,3067.000000,2991.000000,20.000000,1191200.000000,6.030000,0.810000,24.000000,1191200.000000
2017-07-26,2990.000000,2911.000000,2911.000000,2987.000000,5.000000,296900.000000,2.650000,0.300000,9.000000,296900.000000
2017-08-01,2959.000000,2959.000000,2959.000000,2959.000000,2.000000,118360.000000,0.000000,-0.340000,-10.000000,118360.000000
2017-08-02,3000.000000,2997.000000,2999.000000,2999.000000,5.000000,299800.000000,0.100000,1.350000,40.000000,299800.000000
2017-08-04,2962.000000,2962.000000,2962.000000,2962.000000,1.000000,59240.000000,0.000000,-1.200000,-36.000000,59240.000000
2017-08-10,2982.000000,2963.000000,2963.000000,2982.000000,9.000000,534780.000000,0.640000,0.680000,20.000000,534780.000000
2017-09-13,3097.000000,3001.000000,3097.000000,3001.000000,2.000000,121960.000000,3.230000,1.010000,30.000000,121960.000000
2017-09-26,3121.000000,3052.000000,3121.000000,3098.000000,4.000000,247440.000000,2.260000,1.610000,49.000000,247440.000000
2017-12-01,3111.000000,3051.000000,3111.000000,3099.000000,3.000000,185220.000000,1.940000,0.190000,6.000000,185220.000000
2017-12-25,3088.000000,3088.000000,3088.000000,3088.000000,1.000000,61760.000000,0.000000,0.030000,1.000000,61760.000000
2018-01-25,3211.000000,2964.000000,2964.000000,3150.000000,14.000000,883680.000000,8.000000,2.010000,62.000000,883680.000000
2018-01-29,3189.000000,3181.000000,3181.000000,3186.000000,7.000000,445760.000000,0.250000,0.950000,30.000000,445760.000000
2018-02-12,3127.000000,3114.000000,3114.000000,3119.000000,7.000000,436380.000000,0.410000,-2.040000,-65.000000,436380.000000
2018-03-05,3182.000000,2992.000000,2992.000000,2993.000000,6.000000,368520.000000,6.100000,-3.980000,-124.000000,368520.000000
2018-03-06,3060.000000,3060.000000,3060.000000,3060.000000,1.000000,61200.000000,0.000000,-0.360000,-11.000000,61200.000000
2018-03-07,3165.000000,2950.000000,2950.000000,3165.000000,2.000000,122320.000000,7.030000,3.430000,105.000000,122320.000000
2018-03-08,3055.000000,3055.000000,3055.000000,3055.000000,1.000000,61100.000000,0.000000,-0.100000,-3.000000,61100.000000
2018-03-09,3170.000000,2941.000000,3170.000000,2941.000000,2.000000,122240.000000,7.500000,-3.730000,-114.000000,122240.000000
2018-03-15,3168.000000,2933.000000,2933.000000,3057.000000,11.000000,668580.000000,7.690000,0.030000,1.000000,668580.000000
2018-03-20,3061.000000,2917.000000,2917.000000,3036.000000,5.000000,298000.000000,4.740000,-0.100000,-3.000000,298000.000000
2018-03-21,3089.000000,3089.000000,3089.000000,3089.000000,1.000000,6.000000,0.000000,3.660000,109.000000,6.000000
2018-03-30,3229.000000,3229.000000,3229.000000,3229.000000,1.000000,64580.000000,0.000000,4.530000,140.000000,64580.000000
2018-05-04,3294.000000,3255.000000,3294.000000,3255.000000,5.000000,326300.000000,1.210000,0.810000,26.000000,326300.000000
2018-05-07,3200.000000,3186.000000,3186.000000,3200.000000,5.000000,319100.000000,0.430000,-1.930000,-63.000000,319100.000000
2018-05-08,3214.000000,3214.000000,3214.000000,3214.000000,2.000000,128560.000000,0.000000,0.720000,23.000000,128560.000000
2018-05-11,3202.000000,3202.000000,3202.000000,3202.000000,1.000000,64040.000000,0.000000,-0.370000,-12.000000,64040.000000
2018-05-16,3319.000000,3143.000000,3143.000000,3230.000000,12.000000,780480.000000,5.500000,0.870000,28.000000,780480.000000
2018-05-17,3200.000000,3122.000000,3200.000000,3122.000000,7.000000,440720.000000,2.400000,-4.000000,-130.000000,440720.000000
2018-05-18,3257.000000,3022.000000,3035.000000,3022.000000,34.000000,2084880.000000,7.470000,-4.000000,-126.000000,2084880.000000
2018-05-21,2987.000000,2865.000000,2865.000000,2898.000000,30.000000,1743000.000000,3.980000,-5.480000,-168.000000,1743000.000000
2018-05-22,2880.000000,2851.000000,2880.000000,2851.000000,4.000000,229840.000000,1.000000,-1.860000,-54.000000,229840.000000
2018-05-23,2909.000000,2827.000000,2895.000000,2847.000000,38.000000,2177400.000000,2.850000,-0.900000,-26.000000,2177400.000000
2018-05-24,2858.000000,2841.000000,2848.000000,2850.000000,16.000000,912000.000000,0.590000,-0.520000,-15.000000,912000.000000
2018-05-25,2953.000000,2863.000000,2953.000000,2878.000000,7.000000,405020.000000,3.160000,0.980000,28.000000,405020.000000
2018-05-28,2832.000000,2799.000000,2823.000000,2812.000000,33.000000,1857240.000000,1.140000,-2.800000,-81.000000,1857240.000000
2018-05-29,2849.000000,2785.000000,2812.000000,2849.000000,73.000000,4099680.000000,2.270000,1.240000,35.000000,4099680.000000
2018-05-30,2821.000000,2781.000000,2781.000000,2819.000000,16.000000,894080.000000,1.420000,0.390000,11.000000,894080.000000
2018-05-31,2817.000000,2792.000000,2792.000000,2817.000000,4.000000,224720.000000,0.890000,0.820000,23.000000,224720.000000
2018-06-01,2801.000000,2786.000000,2801.000000,2786.000000,13.000000,726700.000000,0.530000,-0.820000,-23.000000,726700.000000
2018-06-04,2776.000000,2753.000000,2776.000000,2762.000000,27.000000,1493100.000000,0.820000,-1.180000,-33.000000,1493100.000000
2018-06-05,2847.000000,2765.000000,2770.000000,2779.000000,30.000000,1666800.000000,2.970000,0.510000,14.000000,1666800.000000
2018-06-06,2772.000000,2751.000000,2772.000000,2752.000000,8.000000,442560.000000,0.760000,-0.940000,-26.000000,442560.000000
2018-06-07,2749.000000,2709.000000,2730.000000,2730.000000,19.000000,1036640.000000,1.450000,-1.300000,-36.000000,1036640.000000
2018-06-08,2730.000000,2663.000000,2663.000000,2692.000000,8.000000,430720.000000,2.460000,-1.320000,-36.000000,430720.000000
2018-06-11,2669.000000,2649.000000,2655.000000,2650.000000,5.000000,265700.000000,0.740000,-1.560000,-42.000000,265700.000000
2018-06-12,2668.000000,2630.000000,2668.000000,2646.000000,9.000000,475380.000000,1.430000,-0.410000,-11.000000,475380.000000
2018-06-13,2649.000000,2631.000000,2649.000000,2633.000000,7.000000,369460.000000,0.680000,-0.300000,-8.000000,369460.000000
2018-06-14,2663.000000,2618.000000,2618.000000,2634.000000,14.000000,737240.000000,1.710000,-0.190000,-5.000000,737240.000000
2018-06-15,2660.000000,2604.000000,2604.000000,2630.000000,27.000000,1424520.000000,2.130000,-0.110000,-3.000000,1424520.000000
2018-06-19,2740.000000,2641.000000,2646.000000,2673.000000,70.000000,3760400.000000,3.750000,1.330000,35.000000,3760400.000000
2018-06-20,2769.000000,2676.000000,2676.000000,2717.000000,318.000000,17337360.000000,3.460000,1.150000,31.000000,17337360.000000
2018-06-21,2710.000000,2652.000000,2710.000000,2654.000000,149.000000,7968520.000000,2.130000,-2.640000,-72.000000,7968520.000000
2018-06-22,2700.000000,2650.000000,2655.000000,2682.000000,95.000000,5069200.000000,1.870000,0.300000,8.000000,5069200.000000
2018-06-25,2689.000000,2665.000000,2686.000000,2675.000000,46.000000,2464680.000000,0.900000,0.260000,7.000000,2464680.000000
2018-06-26,2678.000000,2659.000000,2671.000000,2660.000000,34.000000,1812200.000000,0.710000,-0.710000,-19.000000,1812200.000000
2018-06-27,2676.000000,2660.000000,2669.000000,2666.000000,41.000000,2188580.000000,0.600000,0.040000,1.000000,2188580.000000
2018-06-28,2668.000000,2640.000000,2667.000000,2640.000000,74.000000,3922000.000000,1.050000,-1.090000,-29.000000,3922000.000000
2018-06-29,2643.000000,2621.000000,2643.000000,2630.000000,38.000000,2001080.000000,0.830000,-0.750000,-20.000000,2001080.000000
2018-07-02,2649.000000,2601.000000,2638.000000,2622.000000,53.000000,2788860.000000,1.820000,-0.420000,-11.000000,2788860.000000
2018-07-03,2628.000000,2613.000000,2613.000000,2615.000000,15.000000,785700.000000,0.570000,-0.610000,-16.000000,785700.000000
2018-07-04,2666.000000,2621.000000,2635.000000,2633.000000,81.000000,4271940.000000,1.720000,0.530000,14.000000,4271940.000000
2018-07-05,2650.000000,2629.000000,2640.000000,2650.000000,34.000000,1794520.000000,0.800000,0.490000,13.000000,1794520.000000
2018-07-06,2650.000000,2629.000000,2650.000000,2645.000000,56.000000,2956800.000000,0.800000,0.230000,6.000000,2956800.000000
2018-07-09,2659.000000,2638.000000,2641.000000,2653.000000,29.000000,1535840.000000,0.800000,0.490000,13.000000,1535840.000000
2018-07-10,2665.000000,2635.000000,2650.000000,2639.000000,36.000000,1904400.000000,1.130000,-0.340000,-9.000000,1904400.000000
2018-07-11,2649.000000,2619.000000,2641.000000,2619.000000,27.000000,1422360.000000,1.130000,-0.980000,-26.000000,1422360.000000
2018-07-12,2661.000000,2619.000000,2627.000000,2651.000000,53.000000,2801580.000000,1.590000,0.650000,17.000000,2801580.000000
2018-07-13,2660.000000,2647.000000,2648.000000,2650.000000,43.000000,2282440.000000,0.490000,0.260000,7.000000,2282440.000000
2018-07-16,2750.000000,2643.000000,2653.000000,2708.000000,126.000000,6781320.000000,4.030000,2.030000,54.000000,6781320.000000
2018-07-17,2721.000000,2671.000000,2701.000000,2703.000000,150.000000,8094000.000000,1.860000,0.450000,12.000000,8094000.000000
2018-07-18,2806.000000,2690.000000,2690.000000,2806.000000,854.000000,47601960.000000,4.300000,4.000000,108.000000,47601960.000000
2018-07-19,2892.000000,2816.000000,2816.000000,2887.000000,2653.000000,152229144.000000,2.730000,3.590000,100.000000,152229144.000000
2018-07-20,2984.000000,2875.000000,2900.000000,2983.000000,6953.000000,412312912.000000,3.800000,3.970000,114.000000,412312912.000000
2018-07-23,3070.000000,2907.000000,2983.000000,2936.000000,22309.000000,1331847312.000000,5.500000,-0.980000,-29.000000,1331847312.000000
2018-07-24,3037.000000,2872.000000,2935.000000,2919.000000,39848.000000,2351032064.000000,5.530000,-2.210000,-66.000000,2351032064.000000
2018-07-25,2978.000000,2896.000000,2923.000000,2930.000000,33334.000000,1956705808.000000,2.780000,-0.680000,-20.000000,1956705808.000000
2018-07-26,2956.000000,2912.000000,2930.000000,2931.000000,15178.000000,890341488.000000,1.500000,-0.140000,-4.000000,890341488.000000
2018-07-27,2943.000000,2883.000000,2937.000000,2900.000000,17287.000000,1006794880.000000,2.050000,-1.130000,-33.000000,1006794880.000000
2018-07-30,2921.000000,2825.000000,2898.000000,2840.000000,14117.000000,811445168.000000,3.300000,-2.470000,-72.000000,811445168.000000
2018-07-31,2865.000000,2816.000000,2841.000000,2841.000000,11659.000000,662231200.000000,1.700000,-1.150000,-33.000000,662231200.000000
2018-08-01,2881.000000,2833.000000,2843.000000,2847.000000,13839.000000,791037248.000000,1.690000,0.250000,7.000000,791037248.000000
2018-08-02,2851.000000,2817.000000,2843.000000,2820.000000,6053.000000,343084048.000000,1.190000,-1.330000,-38.000000,343084048.000000
2018-08-03,2836.000000,2793.000000,2821.000000,2813.000000,6630.000000,373003808.000000,1.520000,-0.740000,-21.000000,373003808.000000
2018-08-06,2926.000000,2820.000000,2820.000000,2926.000000,10006.000000,576945968.000000,3.770000,4.020000,113.000000,576945968.000000
2018-08-07,3019.000000,2921.000000,2966.000000,2926.000000,20711.000000,1230647632.000000,3.400000,1.490000,43.000000,1230647632.000000
2018-08-08,2990.000000,2916.000000,2920.000000,2933.000000,20342.000000,1199771168.000000,2.490000,-1.280000,-38.000000,1199771168.000000
2018-08-09,3013.000000,2931.000000,2938.000000,2951.000000,26404.000000,1567869520.000000,2.780000,0.070000,2.000000,1567869520.000000
2018-08-10,2987.000000,2951.000000,2953.000000,2956.000000,14873.000000,882861280.000000,1.210000,-0.440000,-13.000000,882861280.000000
2018-08-13,2963.000000,2884.000000,2940.000000,2955.000000,6811.000000,401031680.000000,2.660000,-0.440000,-13.000000,401031680.000000
2018-08-14,2976.000000,2927.000000,2966.000000,2932.000000,7485.000000,440716800.000000,1.660000,-0.410000,-12.000000,440716800.000000
2018-08-15,2974.000000,2937.000000,2944.000000,2944.000000,12662.000000,749083920.000000,1.260000,0.000000,0.000000,749083920.000000
2018-08-16,2928.000000,2863.000000,2916.000000,2876.000000,11065.000000,640884800.000000,2.200000,-2.770000,-82.000000,640884800.000000
2018-08-17,2903.000000,2872.000000,2880.000000,2875.000000,4959.000000,285935952.000000,1.070000,-0.730000,-21.000000,285935952.000000
2018-08-20,2895.000000,2839.000000,2895.000000,2842.000000,4828.000000,277030640.000000,1.940000,-1.420000,-41.000000,277030640.000000
2018-08-21,2855.000000,2821.000000,2842.000000,2855.000000,4846.000000,275155888.000000,1.190000,-0.490000,-14.000000,275155888.000000
2018-08-22,2940.000000,2850.000000,2858.000000,2850.000000,19339.000000,1122048784.000000,3.170000,0.390000,11.000000,1122048784.000000
2018-08-23,2871.000000,2836.000000,2855.000000,2841.000000,5326.000000,304008080.000000,1.210000,-2.070000,-60.000000,304008080.000000
2018-08-24,2886.000000,2846.000000,2850.000000,2863.000000,5959.000000,341569888.000000,1.400000,0.320000,9.000000,341569888.000000
2018-08-27,2874.000000,2826.000000,2864.000000,2836.000000,3842.000000,218532960.000000,1.670000,-1.050000,-30.000000,218532960.000000
2018-08-28,2863.000000,2828.000000,2845.000000,2833.000000,4095.000000,233169304.000000,1.230000,-0.390000,-11.000000,233169304.000000
2018-08-29,2844.000000,2815.000000,2840.000000,2826.000000,3560.000000,201353600.000000,1.020000,-0.740000,-21.000000,201353600.000000
2018-08-30,2843.000000,2826.000000,2835.000000,2832.000000,3399.000000,192587344.000000,0.600000,0.140000,4.000000,192587344.000000
2018-08-31,2839.000000,2820.000000,2837.000000,2829.000000,3312.000000,187525440.000000,0.670000,-0.140000,-4.000000,187525440.000000
2018-09-03,2860.000000,2823.000000,2835.000000,2830.000000,4068.000000,230655600.000000,1.310000,-0.040000,-1.000000,230655600.000000
2018-09-04,2838.000000,2818.000000,2835.000000,2820.000000,1581.000000,89326500.000000,0.710000,-0.530000,-15.000000,89326500.000000
2018-09-05,2832.000000,2805.000000,2820.000000,2807.000000,2799.000000,157807624.000000,0.960000,-0.640000,-18.000000,157807624.000000
2018-09-06,2811.000000,2732.000000,2801.000000,2749.000000,11411.000000,631712960.000000,2.800000,-2.480000,-70.000000,631712960.000000
2018-09-07,2776.000000,2741.000000,2761.000000,2762.000000,3243.000000,178948744.000000,1.260000,-0.220000,-6.000000,178948744.000000
2018-09-10,2780.000000,2745.000000,2750.000000,2745.000000,2085.000000,115133700.000000,1.270000,-0.510000,-14.000000,115133700.000000
2018-09-11,2755.000000,2719.000000,2748.000000,2746.000000,3208.000000,175349280.000000,1.300000,-0.540000,-15.000000,175349280.000000
2018-09-12,2814.000000,2746.000000,2753.000000,2775.000000,9949.000000,553363392.000000,2.490000,1.540000,42.000000,553363392.000000
2018-09-13,2781.000000,2750.000000,2775.000000,2753.000000,2169.000000,119772180.000000,1.110000,-1.010000,-28.000000,119772180.000000
2018-09-14,2762.000000,2741.000000,2757.000000,2742.000000,1585.000000,87238400.000000,0.760000,-0.690000,-19.000000,87238400.000000
2018-09-17,2769.000000,2720.000000,2769.000000,2722.000000,4519.000000,247641200.000000,1.780000,-1.090000,-30.000000,247641200.000000
2018-09-18,2738.000000,2711.000000,2720.000000,2716.000000,3273.000000,178378504.000000,0.990000,-0.880000,-24.000000,178378504.000000
2018-09-19,2720.000000,2662.000000,2718.000000,2673.000000,3562.000000,191778080.000000,2.130000,-1.910000,-52.000000,191778080.000000
2018-09-20,2698.000000,2676.000000,2679.000000,2688.000000,2015.000000,108326400.000000,0.820000,-0.150000,-4.000000,108326400.000000
2018-09-21,2698.000000,2677.000000,2681.000000,2682.000000,1559.000000,83780660.000000,0.780000,-0.220000,-6.000000,83780660.000000
2018-09-25,2695.000000,2672.000000,2682.000000,2686.000000,1229.000000,65972720.000000,0.860000,-0.040000,-1.000000,65972720.000000
2018-09-26,2707.000000,2689.000000,2689.000000,2690.000000,2481.000000,133775520.000000,0.670000,0.220000,6.000000,133775520.000000
2018-09-27,2689.000000,2651.000000,2686.000000,2652.000000,3223.000000,172043744.000000,1.410000,-1.630000,-44.000000,172043744.000000
2018-09-28,2670.000000,2646.000000,2658.000000,2658.000000,1274.000000,67827760.000000,0.900000,-0.410000,-11.000000,67827760.000000
2018-10-08,2686.000000,2652.000000,2679.000000,2669.000000,1471.000000,78404300.000000,1.280000,0.260000,7.000000,78404300.000000
2018-10-09,2715.000000,2674.000000,2674.000000,2698.000000,5077.000000,273954928.000000,1.540000,1.240000,33.000000,273954928.000000
2018-10-10,2715.000000,2693.000000,2698.000000,2706.000000,2249.000000,121760860.000000,0.820000,0.300000,8.000000,121760860.000000
2018-10-11,2700.000000,2685.000000,2700.000000,2689.000000,2155.000000,115939000.000000,0.550000,-0.660000,-18.000000,115939000.000000
2018-10-12,2756.000000,2691.000000,2691.000000,2722.000000,8357.000000,456125072.000000,2.420000,1.190000,32.000000,456125072.000000
2018-10-15,2739.000000,2707.000000,2721.000000,2715.000000,3004.000000,163778080.000000,1.170000,-0.510000,-14.000000,163778080.000000
2018-10-16,2735.000000,2697.000000,2720.000000,2699.000000,4221.000000,229284720.000000,1.390000,-0.990000,-27.000000,229284720.000000
2018-10-17,2707.000000,2698.000000,2698.000000,2701.000000,1601.000000,86518040.000000,0.330000,-0.550000,-15.000000,86518040.000000
2018-10-18,2705.000000,2689.000000,2705.000000,2691.000000,2519.000000,135824480.000000,0.590000,-0.410000,-11.000000,135824480.000000
2018-10-19,2700.000000,2686.000000,2686.000000,2691.000000,1363.000000,73411180.000000,0.520000,-0.190000,-5.000000,73411180.000000
2018-10-22,2713.000000,2697.000000,2702.000000,2710.000000,2163.000000,117104820.000000,0.590000,0.630000,17.000000,117104820.000000
2018-10-23,2719.000000,2695.000000,2714.000000,2698.000000,2073.000000,112149300.000000,0.890000,-0.330000,-9.000000,112149300.000000
2018-10-24,2705.000000,2672.000000,2705.000000,2674.000000,2815.000000,150996600.000000,1.220000,-1.150000,-31.000000,150996600.000000
2018-10-25,2680.000000,2648.000000,2678.000000,2654.000000,2160.000000,114998400.000000,1.190000,-1.040000,-28.000000,114998400.000000
2018-10-26,2680.000000,2647.000000,2647.000000,2670.000000,2105.000000,112196500.000000,1.240000,0.300000,8.000000,112196500.000000
2018-10-29,2706.000000,2674.000000,2679.000000,2699.000000,4364.000000,235132320.000000,1.200000,1.280000,34.000000,235132320.000000
2018-10-30,2724.000000,2693.000000,2693.000000,2700.000000,4590.000000,248319000.000000,1.150000,0.220000,6.000000,248319000.000000
2018-10-31,2710.000000,2691.000000,2707.000000,2696.000000,1475.000000,79591000.000000,0.700000,-0.330000,-9.000000,79591000.000000
2018-11-01,2712.000000,2692.000000,2700.000000,2696.000000,1980.000000,106920000.000000,0.740000,-0.070000,-2.000000,106920000.000000
2018-11-02,2697.000000,2674.000000,2687.000000,2692.000000,1879.000000,101015040.000000,0.850000,-0.300000,-8.000000,101015040.000000
2018-11-05,2706.000000,2676.000000,2703.000000,2676.000000,2133.000000,114840720.000000,1.120000,-0.450000,-12.000000,114840720.000000
2018-11-06,2680.000000,2665.000000,2667.000000,2673.000000,1472.000000,78693120.000000,0.560000,-0.710000,-19.000000,78693120.000000
2018-11-07,2687.000000,2672.000000,2675.000000,2677.000000,877.000000,46972120.000000,0.560000,0.150000,4.000000,46972120.000000
2018-11-08,2692.000000,2680.000000,2686.000000,2689.000000,1006.000000,54062440.000000,0.450000,0.410000,11.000000,54062440.000000
2018-11-09,2691.000000,2680.000000,2686.000000,2684.000000,669.000000,35911920.000000,0.410000,-0.110000,-3.000000,35911920.000000
2018-11-12,2695.000000,2670.000000,2683.000000,2694.000000,816.000000,43770240.000000,0.930000,0.370000,10.000000,43770240.000000
2018-11-13,2712.000000,2691.000000,2696.000000,2696.000000,2387.000000,128993480.000000,0.780000,0.520000,14.000000,128993480.000000
2018-11-14,2709.000000,2681.000000,2701.000000,2688.000000,1713.000000,92364960.000000,1.040000,-0.520000,-14.000000,92364960.000000
2018-11-15,2687.000000,2675.000000,2680.000000,2682.000000,1420.000000,76112000.000000,0.450000,-0.520000,-14.000000,76112000.000000
2018-11-16,2693.000000,2680.000000,2693.000000,2684.000000,874.000000,46951280.000000,0.490000,0.150000,4.000000,46951280.000000
2018-11-19,2686.000000,2652.000000,2686.000000,2664.000000,1196.000000,63818560.000000,1.270000,-0.820000,-22.000000,63818560.000000
2018-11-20,2671.000000,2651.000000,2671.000000,2652.000000,1194.000000,63473040.000000,0.750000,-0.600000,-16.000000,63473040.000000
2018-11-21,2651.000000,2612.000000,2647.000000,2647.000000,2019.000000,106643580.000000,1.470000,-0.410000,-11.000000,106643580.000000
2018-11-22,2663.000000,2644.000000,2651.000000,2649.000000,1155.000000,61238100.000000,0.720000,0.300000,8.000000,61238100.000000
2018-11-23,2651.000000,2643.000000,2643.000000,2648.000000,436.000000,23081840.000000,0.300000,-0.110000,-3.000000,23081840.000000
2018-11-26,2669.000000,2651.000000,2654.000000,2655.000000,780.000000,41449200.000000,0.680000,0.300000,8.000000,41449200.000000
2018-11-27,2659.000000,2646.000000,2659.000000,2650.000000,400.000000,21192000.000000,0.490000,-0.260000,-7.000000,21192000.000000
2018-11-28,2654.000000,2644.000000,2654.000000,2645.000000,461.000000,24414560.000000,0.380000,-0.150000,-4.000000,24414560.000000
2018-11-29,2650.000000,2639.000000,2645.000000,2644.000000,488.000000,25815200.000000,0.420000,-0.150000,-4.000000,25815200.000000
2018-11-30,2650.000000,2640.000000,2644.000000,2649.000000,346.000000,18303400.000000,0.380000,0.150000,4.000000,18303400.000000
2018-12-03,2660.000000,2643.000000,2657.000000,2645.000000,386.000000,20442560.000000,0.640000,0.000000,0.000000,20442560.000000
2018-12-04,2647.000000,2644.000000,2644.000000,2646.000000,406.000000,21485520.000000,0.110000,-0.080000,-2.000000,21485520.000000
2018-12-05,2651.000000,2642.000000,2644.000000,2644.000000,471.000000,24925320.000000,0.340000,-0.080000,-2.000000,24925320.000000
2018-12-06,2650.000000,2620.000000,2648.000000,2641.000000,493.000000,26010680.000000,1.130000,-0.190000,-5.000000,26010680.000000
2018-12-07,2655.000000,2638.000000,2643.000000,2648.000000,298.000000,15770160.000000,0.640000,0.380000,10.000000,15770160.000000
2018-12-10,2652.000000,2640.000000,2650.000000,2640.000000,213.000000,11263440.000000,0.450000,-0.230000,-6.000000,11263440.000000
2018-12-11,2643.000000,2638.000000,2641.000000,2643.000000,175.000000,9240000.000000,0.190000,-0.040000,-1.000000,9240000.000000
2018-12-12,2648.000000,2638.000000,2642.000000,2643.000000,143.000000,7556120.000000,0.380000,0.110000,3.000000,7556120.000000
2018-12-13,2647.000000,2635.000000,2647.000000,2636.000000,411.000000,21709020.000000,0.450000,-0.230000,-6.000000,21709020.000000
2018-12-14,2640.000000,2635.000000,2636.000000,2639.000000,151.000000,7966760.000000,0.190000,-0.080000,-2.000000,7966760.000000
2018-12-17,2640.000000,2635.000000,2640.000000,2638.000000,316.000000,16672160.000000,0.190000,0.000000,0.000000,16672160.000000
2018-12-18,2642.000000,2636.000000,2637.000000,2640.000000,412.000000,21745360.000000,0.230000,0.080000,2.000000,21745360.000000
2018-12-19,2661.000000,2636.000000,2641.000000,2644.000000,655.000000,34636400.000000,0.950000,0.190000,5.000000,34636400.000000
2018-12-20,2645.000000,2621.000000,2645.000000,2639.000000,235.000000,12375100.000000,0.910000,-0.190000,-5.000000,12375100.000000
2018-12-21,2648.000000,2637.000000,2640.000000,2639.000000,246.000000,13003560.000000,0.420000,0.230000,6.000000,13003560.000000
2018-12-24,2643.000000,2635.000000,2638.000000,2637.000000,199.000000,10499240.000000,0.300000,-0.230000,-6.000000,10499240.000000
2018-12-25,2642.000000,2631.000000,2635.000000,2639.000000,318.000000,16771320.000000,0.420000,0.040000,1.000000,16771320.000000
2018-12-26,2645.000000,2637.000000,2637.000000,2641.000000,85.000000,4489700.000000,0.300000,0.150000,4.000000,4489700.000000
2018-12-27,2645.000000,2634.000000,2639.000000,2636.000000,173.000000,9127480.000000,0.420000,-0.190000,-5.000000,9127480.000000
2018-12-28,2638.000000,2625.000000,2635.000000,2627.000000,276.000000,14517600.000000,0.490000,-0.420000,-11.000000,14517600.000000
2019-01-02,2638.000000,2622.000000,2633.000000,2636.000000,173.000000,9103260.000000,0.610000,0.230000,6.000000,9103260.000000
2019-01-03,2644.000000,2631.000000,2634.000000,2634.000000,235.000000,12393900.000000,0.490000,0.110000,3.000000,12393900.000000
2019-01-04,2640.000000,2633.000000,2634.000000,2636.000000,157.000000,8277040.000000,0.270000,-0.040000,-1.000000,8277040.000000
2019-01-07,2641.000000,2629.000000,2637.000000,2636.000000,204.000000,10750800.000000,0.460000,0.000000,0.000000,10750800.000000
2019-01-08,2650.000000,2633.000000,2633.000000,2645.000000,206.000000,10880920.000000,0.650000,0.380000,10.000000,10880920.000000
2019-01-09,2656.000000,2637.000000,2646.000000,2643.000000,603.000000,31922820.000000,0.720000,0.080000,2.000000,31922820.000000
2019-01-10,2675.000000,2644.000000,2649.000000,2650.000000,1060.000000,56328400.000000,1.170000,0.110000,3.000000,56328400.000000
2019-01-11,2760.000000,2555.000000,2671.000000,2647.000000,545.000000,28841400.000000,7.720000,-0.380000,-10.000000,28841400.000000
2019-01-14,2670.000000,2643.000000,2670.000000,2655.000000,251.000000,13303000.000000,1.020000,0.340000,9.000000,13303000.000000
2019-01-15,2656.000000,2645.000000,2650.000000,2649.000000,130.000000,6887400.000000,0.420000,-0.040000,-1.000000,6887400.000000
2019-01-16,2658.000000,2645.000000,2652.000000,2657.000000,221.000000,11713000.000000,0.490000,0.300000,8.000000,11713000.000000
2019-01-17,2662.000000,2641.000000,2662.000000,2644.000000,278.000000,14711760.000000,0.790000,-0.230000,-6.000000,14711760.000000
2019-01-18,2647.000000,2631.000000,2647.000000,2631.000000,342.000000,18030240.000000,0.600000,-0.570000,-15.000000,18030240.000000
2019-01-21,2650.000000,2627.000000,2634.000000,2639.000000,258.000000,13622400.000000,0.870000,0.110000,3.000000,13622400.000000
2019-01-22,2658.000000,2643.000000,2646.000000,2648.000000,313.000000,16601520.000000,0.570000,0.300000,8.000000,16601520.000000
2019-01-23,2650.000000,2641.000000,2646.000000,2647.000000,56.000000,2963520.000000,0.340000,-0.190000,-5.000000,2963520.000000
2019-01-24,2656.000000,2649.000000,2650.000000,2650.000000,164.000000,8701840.000000,0.260000,0.150000,4.000000,8701840.000000
2019-01-25,2653.000000,2634.000000,2651.000000,2634.000000,291.000000,15370620.000000,0.720000,-0.720000,-19.000000,15370620.000000
2019-01-28,2649.000000,2638.000000,2638.000000,2648.000000,168.000000,8887200.000000,0.420000,0.270000,7.000000,8887200.000000
2019-01-29,2652.000000,2638.000000,2644.000000,2650.000000,106.000000,5613760.000000,0.530000,0.190000,5.000000,5613760.000000
2019-01-30,2653.000000,2641.000000,2650.000000,2642.000000,147.000000,7776300.000000,0.450000,-0.230000,-6.000000,7776300.000000
2019-01-31,2652.000000,2642.000000,2652.000000,2648.000000,134.000000,7085920.000000,0.380000,0.110000,3.000000,7085920.000000
2019-02-01,2650.000000,2643.000000,2644.000000,2645.000000,161.000000,8516900.000000,0.260000,0.040000,1.000000,8516900.000000
2019-02-11,2658.000000,2640.000000,2641.000000,2658.000000,257.000000,13641560.000000,0.680000,0.490000,13.000000,13641560.000000
2019-02-12,2667.000000,2655.000000,2658.000000,2662.000000,250.000000,13305000.000000,0.450000,0.300000,8.000000,13305000.000000
2019-02-13,2677.000000,2663.000000,2666.000000,2673.000000,119.000000,6352220.000000,0.530000,0.450000,12.000000,6352220.000000
2019-02-14,2776.000000,2680.000000,2685.000000,2776.000000,3549.000000,195975784.000000,3.600000,4.010000,107.000000,195975784.000000
2019-02-15,2844.000000,2721.000000,2795.000000,2735.000000,2138.000000,118103120.000000,4.450000,-0.940000,-26.000000,118103120.000000
2019-02-18,2755.000000,2651.000000,2755.000000,2651.000000,1388.000000,74424560.000000,3.770000,-4.020000,-111.000000,74424560.000000
2019-02-19,2664.000000,2636.000000,2648.000000,2645.000000,869.000000,46022240.000000,1.040000,-1.340000,-36.000000,46022240.000000
2019-02-20,2654.000000,2630.000000,2630.000000,2645.000000,397.000000,21017180.000000,0.910000,-0.110000,-3.000000,21017180.000000
2019-02-21,2653.000000,2636.000000,2646.000000,2645.000000,257.000000,13595300.000000,0.640000,-0.080000,-2.000000,13595300.000000
2019-02-22,2648.000000,2637.000000,2645.000000,2645.000000,246.000000,13003560.000000,0.420000,0.000000,0.000000,13003560.000000
2019-02-25,2644.000000,2626.000000,2636.000000,2626.000000,236.000000,12446640.000000,0.680000,-0.640000,-17.000000,12446640.000000
2019-02-26,2635.000000,2592.000000,2629.000000,2594.000000,409.000000,21439780.000000,1.630000,-1.630000,-43.000000,21439780.000000
2019-02-27,2600.000000,2518.000000,2583.000000,2554.000000,533.000000,27225640.000000,3.130000,-2.560000,-67.000000,27225640.000000
2019-02-28,2628.000000,2549.000000,2550.000000,2576.000000,568.000000,29286080.000000,3.090000,0.860000,22.000000,29286080.000000
2019-03-01,2660.000000,2578.000000,2578.000000,2660.000000,5.000000,259400.000000,3.180000,3.180000,82.000000,259400.000000
2019-03-12,2594.000000,2594.000000,2594.000000,2594.000000,99.000000,5136120.000000,0.000000,0.000000,0.000000,5136120.000000
2019-03-18,2561.000000,2528.000000,2535.000000,2555.000000,20.000000,1020000.000000,1.270000,-1.500000,-39.000000,1020000.000000
2019-03-19,2568.000000,2551.000000,2568.000000,2551.000000,4.000000,204720.000000,0.670000,0.040000,1.000000,204720.000000
2019-03-21,2546.000000,2539.000000,2540.000000,2540.000000,6.000000,304920.000000,0.270000,-0.740000,-19.000000,304920.000000
2019-03-25,2530.000000,2508.000000,2508.000000,2519.000000,6.000000,301680.000000,0.870000,-0.870000,-22.000000,301680.000000
2019-03-26,2539.000000,2502.000000,2502.000000,2524.000000,19.000000,957220.000000,1.470000,0.400000,10.000000,957220.000000
2019-03-27,2520.000000,2516.000000,2520.000000,2517.000000,8.000000,402880.000000,0.160000,-0.080000,-2.000000,402880.000000
2019-03-28,2559.000000,2512.000000,2529.000000,2522.000000,20.000000,1012800.000000,1.870000,0.160000,4.000000,1012800.000000
2019-03-29,2522.000000,2472.000000,2522.000000,2485.000000,24.000000,1197120.000000,1.970000,-1.860000,-47.000000,1197120.000000
2019-04-01,2521.000000,2496.000000,2503.000000,2503.000000,4.000000,200480.000000,1.000000,0.360000,9.000000,200480.000000
2019-04-03,2508.000000,2507.000000,2507.000000,2508.000000,3.000000,150420.000000,0.040000,0.080000,2.000000,150420.000000
2019-04-04,2465.000000,2465.000000,2465.000000,2465.000000,1.000000,49300.000000,0.000000,-1.680000,-42.000000,49300.000000
2019-04-12,2460.000000,2435.000000,2460.000000,2454.000000,3.000000,147000.000000,1.010000,-0.450000,-11.000000,147000.000000
2019-04-15,2485.000000,2450.000000,2485.000000,2452.000000,5.000000,245800.000000,1.430000,0.080000,2.000000,245800.000000
2019-04-16,2442.000000,2382.000000,2426.000000,2406.000000,36.000000,1735920.000000,2.440000,-2.120000,-52.000000,1735920.000000
2019-04-17,2414.000000,2400.000000,2401.000000,2410.000000,13.000000,625820.000000,0.580000,-0.040000,-1.000000,625820.000000
2019-04-18,2430.000000,2333.000000,2420.000000,2410.000000,11.000000,527120.000000,4.030000,0.120000,3.000000,527120.000000
2019-04-19,2381.000000,2381.000000,2381.000000,2381.000000,2.000000,95240.000000,0.000000,-0.630000,-15.000000,95240.000000
2019-04-22,2407.000000,2399.000000,2399.000000,2400.000000,6.000000,288240.000000,0.340000,0.800000,19.000000,288240.000000
2019-04-23,2439.000000,2382.000000,2383.000000,2400.000000,6.000000,288840.000000,2.370000,-0.080000,-2.000000,288840.000000
2019-04-24,2400.000000,2388.000000,2390.000000,2400.000000,15.000000,717300.000000,0.500000,-0.290000,-7.000000,717300.000000
2019-04-25,2390.000000,2386.000000,2386.000000,2390.000000,2.000000,95520.000000,0.170000,-0.040000,-1.000000,95520.000000
2019-04-26,2446.000000,2360.000000,2446.000000,2389.000000,13.000000,621140.000000,3.600000,0.040000,1.000000,621140.000000
2019-04-29,2401.000000,2392.000000,2392.000000,2401.000000,5.000000,239900.000000,0.380000,0.500000,12.000000,239900.000000
2019-04-30,2469.000000,2360.000000,2360.000000,2402.000000,23.000000,1110900.000000,4.540000,0.130000,3.000000,1110900.000000
2019-05-23,2561.000000,2510.000000,2561.000000,2510.000000,2.000000,101440.000000,2.110000,3.930000,95.000000,101440.000000
2019-05-29,2538.000000,2537.000000,2538.000000,2537.000000,3.000000,152220.000000,0.040000,0.040000,1.000000,152220.000000
2019-06-28,2549.000000,2523.000000,2549.000000,2523.000000,2.000000,101440.000000,1.020000,-0.550000,-14.000000,101440.000000
2019-07-10,2592.000000,2500.000000,2501.000000,2550.000000,5.000000,252900.000000,3.630000,0.550000,14.000000,252900.000000
2019-07-12,2540.000000,2540.000000,2540.000000,2540.000000,1.000000,50800.000000,0.000000,0.430000,11.000000,50800.000000
2019-07-15,2524.000000,2451.000000,2451.000000,2524.000000,2.000000,99520.000000,2.870000,-0.630000,-16.000000,99520.000000
2019-07-17,2569.000000,2500.000000,2569.000000,2500.000000,5.000000,255000.000000,2.770000,0.480000,12.000000,255000.000000
2019-07-23,2500.000000,2500.000000,2500.000000,2500.000000,1.000000,50000.000000,0.000000,-1.960000,-50.000000,50000.000000
2019-07-25,2565.000000,2500.000000,2500.000000,2511.000000,5.000000,254100.000000,2.600000,0.440000,11.000000,254100.000000
2019-07-26,2568.000000,2564.000000,2564.000000,2568.000000,2.000000,102640.000000,0.160000,1.060000,27.000000,102640.000000
2019-07-29,2565.000000,2565.000000,2565.000000,2565.000000,1.000000,51300.000000,0.000000,-0.040000,-1.000000,51300.000000
2019-07-30,2466.000000,2465.000000,2466.000000,2465.000000,3.000000,147960.000000,0.040000,-3.900000,-100.000000,147960.000000
2019-08-02,2550.000000,2511.000000,2550.000000,2511.000000,2.000000,101240.000000,1.580000,1.820000,45.000000,101240.000000
2019-08-07,2555.000000,2516.000000,2516.000000,2555.000000,4.000000,203600.000000,1.540000,0.950000,24.000000,203600.000000
2019-09-02,2620.000000,2592.000000,2620.000000,2594.000000,5.000000,259900.000000,1.100000,1.930000,49.000000,259900.000000
2019-09-03,2599.000000,2577.000000,2578.000000,2599.000000,13.000000,671580.000000,0.850000,0.000000,0.000000,671580.000000
2019-09-06,2585.000000,2584.000000,2585.000000,2584.000000,2.000000,103400.000000,0.040000,0.040000,1.000000,103400.000000
2019-09-09,2604.000000,2585.000000,2604.000000,2585.000000,2.000000,103800.000000,0.740000,0.000000,0.000000,103800.000000
2019-09-10,2602.000000,2600.000000,2601.000000,2600.000000,11.000000,572440.000000,0.080000,0.190000,5.000000,572440.000000
2019-09-12,2600.000000,2600.000000,2600.000000,2600.000000,1.000000,52000.000000,0.000000,-0.080000,-2.000000,52000.000000
2019-09-18,2601.000000,2600.000000,2601.000000,2600.000000,2.000000,104040.000000,0.040000,0.000000,0.000000,104040.000000
2019-09-20,2698.000000,2603.000000,2614.000000,2688.000000,23.000000,1226360.000000,3.650000,3.340000,87.000000,1226360.000000
2019-09-23,2750.000000,2615.000000,2750.000000,2683.000000,31.000000,1659740.000000,5.060000,0.640000,17.000000,1659740.000000
2019-09-24,2741.000000,2741.000000,2741.000000,2741.000000,2.000000,109640.000000,0.000000,2.390000,64.000000,109640.000000
2019-09-25,2816.000000,2639.000000,2740.000000,2731.000000,21.000000,1150380.000000,6.460000,-0.360000,-10.000000,1150380.000000
2019-09-26,2769.000000,2688.000000,2692.000000,2768.000000,4.000000,218320.000000,2.960000,1.060000,29.000000,218320.000000
2019-09-27,2700.000000,2700.000000,2700.000000,2700.000000,5.000000,270000.000000,0.000000,-1.060000,-29.000000,270000.000000
2020-02-24,2811.000000,2708.000000,2708.000000,2743.000000,13.000000,718120.000000,3.810000,1.590000,43.000000,718120.000000
2020-02-25,2722.000000,2722.000000,2722.000000,2722.000000,4.000000,217760.000000,0.000000,-1.450000,-40.000000,217760.000000
2020-02-26,2807.000000,2750.000000,2785.000000,2751.000000,27.000000,1501740.000000,2.090000,1.070000,29.000000,1501740.000000
2020-02-27,2750.000000,2750.000000,2750.000000,2750.000000,1.000000,55000.000000,0.000000,-1.110000,-31.000000,55000.000000
2020-03-05,2846.000000,2641.000000,2846.000000,2735.000000,13.000000,713180.000000,7.450000,-0.550000,-15.000000,713180.000000
2020-03-11,2815.000000,2701.000000,2701.000000,2756.000000,15.000000,828000.000000,4.160000,0.470000,13.000000,828000.000000
2020-03-12,2796.000000,2715.000000,2796.000000,2729.000000,3.000000,164820.000000,2.930000,-1.120000,-31.000000,164820.000000
2020-03-13,2787.000000,2746.000000,2787.000000,2747.000000,7.000000,386120.000000,1.490000,0.000000,0.000000,386120.000000
2020-03-16,2794.000000,2650.000000,2769.000000,2746.000000,9.000000,493740.000000,5.220000,-0.440000,-12.000000,493740.000000
2020-03-19,2792.000000,2705.000000,2705.000000,2750.000000,3.000000,164940.000000,3.170000,0.260000,7.000000,164940.000000
2020-03-20,2850.000000,2752.000000,2752.000000,2827.000000,8.000000,449760.000000,3.560000,2.840000,78.000000,449760.000000
2020-03-23,2793.000000,2745.000000,2781.000000,2760.000000,13.000000,719940.000000,1.710000,-1.810000,-51.000000,719940.000000
2020-03-26,2811.000000,2811.000000,2811.000000,2811.000000,1.000000,56220.000000,0.000000,1.520000,42.000000,56220.000000
2020-03-27,2774.000000,2774.000000,2774.000000,2774.000000,1.000000,55480.000000,0.000000,-1.320000,-37.000000,55480.000000
2020-03-30,2885.000000,2744.000000,2751.000000,2876.000000,45.000000,2565900.000000,5.080000,3.680000,102.000000,2565900.000000
2020-03-31,2966.000000,2801.000000,2931.000000,2815.000000,47.000000,2690280.000000,5.790000,-1.260000,-36.000000,2690280.000000
2020-04-01,2838.000000,2820.000000,2820.000000,2822.000000,7.000000,395640.000000,0.630000,-1.400000,-40.000000,395640.000000
2020-04-02,2816.000000,2781.000000,2781.000000,2802.000000,31.000000,1729800.000000,1.240000,-0.850000,-24.000000,1729800.000000
2020-04-03,2800.000000,2781.000000,2781.000000,2800.000000,19.000000,1062100.000000,0.680000,0.360000,10.000000,1062100.000000
2020-04-07,2869.000000,2801.000000,2801.000000,2839.000000,24.000000,1357920.000000,2.430000,1.570000,44.000000,1357920.000000
2020-04-08,2893.000000,2716.000000,2717.000000,2820.000000,19.000000,1070080.000000,6.260000,-0.320000,-9.000000,1070080.000000
2020-04-09,2860.000000,2796.000000,2832.000000,2827.000000,20.000000,1131200.000000,2.270000,0.390000,11.000000,1131200.000000
2020-04-10,2831.000000,2801.000000,2823.000000,2810.000000,4.000000,225280.000000,1.060000,-0.640000,-18.000000,225280.000000
2020-04-13,2842.000000,2787.000000,2787.000000,2806.000000,7.000000,393260.000000,1.950000,-0.360000,-10.000000,393260.000000
2020-04-14,2763.000000,2707.000000,2750.000000,2712.000000,15.000000,822600.000000,1.990000,-3.450000,-97.000000,822600.000000
2020-04-15,2740.000000,2708.000000,2708.000000,2732.000000,10.000000,545400.000000,1.170000,-0.360000,-10.000000,545400.000000
2020-04-16,2724.000000,2700.000000,2700.000000,2724.000000,6.000000,325200.000000,0.880000,-0.110000,-3.000000,325200.000000
2020-04-17,2749.000000,2702.000000,2749.000000,2709.000000,13.000000,706160.000000,1.730000,-0.040000,-1.000000,706160.000000
2020-04-20,2748.000000,2634.000000,2634.000000,2715.000000,37.000000,2006140.000000,4.200000,-0.040000,-1.000000,2006140.000000
2020-04-21,2743.000000,2716.000000,2743.000000,2739.000000,4.000000,218800.000000,1.000000,1.030000,28.000000,218800.000000
2020-04-22,2736.000000,2710.000000,2718.000000,2715.000000,12.000000,652800.000000,0.950000,-0.730000,-20.000000,652800.000000
2020-04-23,2721.000000,2712.000000,2721.000000,2719.000000,9.000000,489240.000000,0.330000,-0.040000,-1.000000,489240.000000
2020-04-24,2725.000000,2708.000000,2725.000000,2708.000000,3.000000,162840.000000,0.630000,-0.370000,-10.000000,162840.000000
2020-04-27,2740.000000,2711.000000,2732.000000,2740.000000,8.000000,437280.000000,1.070000,0.960000,26.000000,437280.000000
2020-04-28,2819.000000,2623.000000,2624.000000,2789.000000,91.000000,5059600.000000,7.170000,2.050000,56.000000,5059600.000000
2020-04-29,2799.000000,2745.000000,2799.000000,2769.000000,11.000000,609400.000000,1.940000,-0.400000,-11.000000,609400.000000
2020-04-30,2797.000000,2774.000000,2793.000000,2774.000000,4.000000,223200.000000,0.830000,0.140000,4.000000,223200.000000
2020-05-06,2828.000000,2767.000000,2828.000000,2767.000000,6.000000,336120.000000,2.190000,-0.820000,-23.000000,336120.000000
2020-05-07,2766.000000,2742.000000,2766.000000,2743.000000,4.000000,219840.000000,0.860000,-2.070000,-58.000000,219840.000000
2020-05-08,2769.000000,2739.000000,2739.000000,2769.000000,6.000000,330120.000000,1.090000,0.760000,21.000000,330120.000000
2020-05-11,2750.000000,2720.000000,2750.000000,2720.000000,2.000000,109400.000000,1.090000,-1.130000,-31.000000,109400.000000
2020-05-12,2827.000000,2700.000000,2700.000000,2790.000000,57.000000,3169200.000000,4.640000,2.010000,55.000000,3169200.000000
2020-05-13,2788.000000,2772.000000,2788.000000,2772.000000,8.000000,444640.000000,0.580000,-0.290000,-8.000000,444640.000000
2020-05-14,2756.000000,2738.000000,2752.000000,2748.000000,9.000000,494820.000000,0.650000,-1.120000,-31.000000,494820.000000
2020-05-19,2732.000000,2732.000000,2732.000000,2732.000000,1.000000,54640.000000,0.000000,-0.620000,-17.000000,54640.000000
2020-05-20,2733.000000,2702.000000,2733.000000,2727.000000,5.000000,271800.000000,1.130000,-0.180000,-5.000000,271800.000000
2020-05-21,2716.000000,2715.000000,2716.000000,2715.000000,2.000000,108640.000000,0.040000,-0.110000,-3.000000,108640.000000
2020-05-22,2711.000000,2711.000000,2711.000000,2711.000000,2.000000,108440.000000,0.000000,-0.180000,-5.000000,108440.000000
2020-05-25,2791.000000,2684.000000,2696.000000,2701.000000,20.000000,1085200.000000,3.950000,-0.370000,-10.000000,1085200.000000
2020-05-26,2709.000000,2709.000000,2709.000000,2709.000000,1.000000,54180.000000,0.000000,-0.150000,-4.000000,54180.000000
2020-05-27,2704.000000,2704.000000,2704.000000,2704.000000,1.000000,54080.000000,0.000000,-0.180000,-5.000000,54080.000000
2020-05-29,2697.000000,2687.000000,2697.000000,2687.000000,3.000000,161580.000000,0.370000,-0.630000,-17.000000,161580.000000
2020-06-01,2679.000000,2648.000000,2679.000000,2661.000000,4.000000,212960.000000,1.150000,-1.190000,-32.000000,212960.000000
2020-06-02,2687.000000,2658.000000,2660.000000,2687.000000,7.000000,373520.000000,1.090000,0.940000,25.000000,373520.000000
2020-06-03,2661.000000,2643.000000,2645.000000,2661.000000,3.000000,159000.000000,0.670000,-0.260000,-7.000000,159000.000000
2020-06-08,2709.000000,2657.000000,2700.000000,2657.000000,12.000000,644640.000000,1.960000,0.260000,7.000000,644640.000000
2020-06-11,2690.000000,2690.000000,2690.000000,2690.000000,1.000000,53800.000000,0.000000,0.150000,4.000000,53800.000000
2020-06-15,2636.000000,2630.000000,2630.000000,2636.000000,2.000000,105320.000000,0.220000,-2.010000,-54.000000,105320.000000
2020-06-16,2669.000000,2640.000000,2640.000000,2660.000000,5.000000,265500.000000,1.100000,1.030000,27.000000,265500.000000
2020-06-17,2650.000000,2636.000000,2640.000000,2636.000000,11.000000,581900.000000,0.530000,-0.720000,-19.000000,581900.000000
2020-06-18,2627.000000,2621.000000,2627.000000,2621.000000,2.000000,104960.000000,0.230000,-0.910000,-24.000000,104960.000000
2020-06-19,2600.000000,2590.000000,2600.000000,2590.000000,4.000000,207760.000000,0.380000,-1.300000,-34.000000,207760.000000
2020-06-22,2620.000000,2570.000000,2590.000000,2620.000000,8.000000,414880.000000,1.930000,0.890000,23.000000,414880.000000
2020-06-24,2619.000000,2473.000000,2473.000000,2619.000000,6.000000,308640.000000,5.630000,1.000000,26.000000,308640.000000
2020-06-29,2694.000000,2451.000000,2451.000000,2650.000000,9.000000,468180.000000,9.450000,3.030000,78.000000,468180.000000
2020-07-16,2925.000000,2800.000000,2822.000000,2863.000000,208.000000,11889280.000000,4.810000,10.070000,262.000000,11889280.000000
2020-07-17,2898.000000,2805.000000,2866.000000,2859.000000,31.000000,1772580.000000,3.250000,0.030000,1.000000,1772580.000000
2020-07-20,2867.000000,2864.000000,2867.000000,2867.000000,9.000000,515880.000000,0.100000,0.280000,8.000000,515880.000000
2020-07-21,2948.000000,2870.000000,2948.000000,2898.000000,46.000000,2669840.000000,2.720000,1.120000,32.000000,2669840.000000
2020-07-22,2907.000000,2884.000000,2884.000000,2900.000000,39.000000,2258880.000000,0.790000,-0.070000,-2.000000,2258880.000000
2020-07-23,2911.000000,2881.000000,2901.000000,2891.000000,28.000000,1622320.000000,1.040000,-0.170000,-5.000000,1622320.000000
2020-07-24,2907.000000,2853.000000,2853.000000,2887.000000,46.000000,2660640.000000,1.860000,-0.350000,-10.000000,2660640.000000
2020-07-27,2903.000000,2871.000000,2881.000000,2902.000000,244.000000,14147120.000000,1.110000,0.350000,10.000000,14147120.000000
2020-07-28,2940.000000,2866.000000,2940.000000,2896.000000,362.000000,21177000.000000,2.550000,-0.100000,-3.000000,21177000.000000
2020-07-29,2898.000000,2825.000000,2889.000000,2891.000000,54.000000,3106080.000000,2.500000,-1.160000,-34.000000,3106080.000000
2020-07-30,2899.000000,2891.000000,2899.000000,2891.000000,21.000000,1215900.000000,0.280000,0.520000,15.000000,1215900.000000
2020-07-31,2906.000000,2891.000000,2891.000000,2900.000000,21.000000,1217160.000000,0.520000,0.170000,5.000000,1217160.000000
2020-08-03,2907.000000,2892.000000,2904.000000,2894.000000,20.000000,1158400.000000,0.520000,-0.140000,-4.000000,1158400.000000
2020-08-05,2910.000000,2891.000000,2910.000000,2897.000000,11.000000,636680.000000,0.660000,0.030000,1.000000,636680.000000
2020-08-06,2891.000000,2887.000000,2891.000000,2887.000000,3.000000,173340.000000,0.140000,-0.240000,-7.000000,173340.000000
2020-08-07,2897.000000,2897.000000,2897.000000,2897.000000,1.000000,57940.000000,0.000000,0.280000,8.000000,57940.000000
2020-08-10,2998.000000,2857.000000,2998.000000,2890.000000,5.000000,292400.000000,4.870000,-0.240000,-7.000000,292400.000000
2020-08-11,2897.000000,2867.000000,2897.000000,2871.000000,29.000000,1669820.000000,1.030000,-1.810000,-53.000000,1669820.000000
2020-08-12,2889.000000,2866.000000,2874.000000,2889.000000,389.000000,22406400.000000,0.800000,0.350000,10.000000,22406400.000000
2020-08-13,2909.000000,2888.000000,2909.000000,2890.000000,121.000000,6996220.000000,0.730000,0.350000,10.000000,6996220.000000
2020-08-14,2896.000000,2870.000000,2871.000000,2896.000000,13.000000,746980.000000,0.900000,0.170000,5.000000,746980.000000
2020-08-17,2890.000000,2850.000000,2850.000000,2877.000000,32.000000,1832320.000000,1.390000,0.140000,4.000000,1832320.000000
2020-08-18,2874.000000,2843.000000,2874.000000,2870.000000,24.000000,1376160.000000,1.080000,0.240000,7.000000,1376160.000000
2020-08-19,2897.000000,2809.000000,2809.000000,2886.000000,197.000000,11335380.000000,3.070000,0.660000,19.000000,11335380.000000
2020-08-20,2884.000000,2875.000000,2875.000000,2884.000000,3.000000,172860.000000,0.310000,0.240000,7.000000,172860.000000
2020-08-21,2883.000000,2862.000000,2862.000000,2883.000000,8.000000,460000.000000,0.730000,0.070000,2.000000,460000.000000
2020-08-24,2880.000000,2872.000000,2873.000000,2879.000000,52.000000,2988960.000000,0.280000,0.140000,4.000000,2988960.000000
2020-08-25,2890.000000,2880.000000,2889.000000,2880.000000,7.000000,403900.000000,0.350000,0.210000,6.000000,403900.000000
2020-08-26,2877.000000,2867.000000,2867.000000,2874.000000,5.000000,287000.000000,0.350000,-0.380000,-11.000000,287000.000000
2020-08-27,2881.000000,2876.000000,2876.000000,2881.000000,5.000000,287800.000000,0.170000,0.380000,11.000000,287800.000000
2020-08-28,2881.000000,2877.000000,2881.000000,2877.000000,25.000000,1438500.000000,0.140000,-0.030000,-1.000000,1438500.000000
2020-08-31,2877.000000,2867.000000,2875.000000,2877.000000,13.000000,747240.000000,0.350000,0.000000,0.000000,747240.000000
2020-09-01,2897.000000,2752.000000,2752.000000,2880.000000,216.000000,12415680.000000,5.050000,0.210000,6.000000,12415680.000000
2020-09-02,2878.000000,2872.000000,2878.000000,2874.000000,32.000000,1838720.000000,0.210000,0.000000,0.000000,1838720.000000
2020-09-03,2872.000000,2866.000000,2866.000000,2872.000000,2.000000,114760.000000,0.210000,-0.030000,-1.000000,114760.000000
2020-09-07,2873.000000,2866.000000,2866.000000,2873.000000,45.000000,2585700.000000,0.240000,0.140000,4.000000,2585700.000000
2020-09-08,2918.000000,2866.000000,2866.000000,2889.000000,38.000000,2197920.000000,1.810000,0.560000,16.000000,2197920.000000
2020-09-09,2886.000000,2859.000000,2886.000000,2859.000000,44.000000,2520320.000000,0.930000,-1.140000,-33.000000,2520320.000000
2020-09-11,2871.000000,2861.000000,2861.000000,2869.000000,5.000000,286500.000000,0.350000,0.170000,5.000000,286500.000000
2020-09-14,2874.000000,2864.000000,2864.000000,2868.000000,22.000000,1262360.000000,0.350000,0.100000,3.000000,1262360.000000
2020-09-15,2872.000000,2861.000000,2861.000000,2872.000000,4.000000,229440.000000,0.380000,0.100000,3.000000,229440.000000
2020-09-16,2873.000000,2873.000000,2873.000000,2873.000000,1.000000,57460.000000,0.000000,0.170000,5.000000,57460.000000
2020-09-17,2889.000000,2884.000000,2889.000000,2884.000000,2.000000,115480.000000,0.170000,0.380000,11.000000,115480.000000
2020-09-18,2898.000000,2844.000000,2890.000000,2873.000000,68.000000,3890960.000000,1.870000,-0.480000,-14.000000,3890960.000000
2020-09-21,2867.000000,2867.000000,2867.000000,2867.000000,1.000000,57340.000000,0.000000,0.210000,6.000000,57340.000000
2020-09-22,2870.000000,2862.000000,2870.000000,2863.000000,4.000000,229280.000000,0.280000,-0.140000,-4.000000,229280.000000
2020-09-23,2874.000000,2870.000000,2870.000000,2874.000000,5.000000,287300.000000,0.140000,0.280000,8.000000,287300.000000
2020-09-24,2892.000000,2865.000000,2865.000000,2885.000000,22.000000,1266320.000000,0.940000,0.420000,12.000000,1266320.000000
2020-09-25,2894.000000,2880.000000,2894.000000,2886.000000,6.000000,346200.000000,0.490000,0.280000,8.000000,346200.000000
2020-09-28,2890.000000,2882.000000,2882.000000,2884.000000,4.000000,230800.000000,0.280000,-0.030000,-1.000000,230800.000000
2020-09-29,2908.000000,2888.000000,2896.000000,2888.000000,21.000000,1216320.000000,0.690000,0.100000,3.000000,1216320.000000
2020-09-30,2899.000000,2886.000000,2898.000000,2886.000000,102.000000,5913960.000000,0.450000,-0.350000,-10.000000,5913960.000000
2020-10-09,2919.000000,2899.000000,2919.000000,2900.000000,52.000000,3014960.000000,0.690000,0.030000,1.000000,3014960.000000
2020-10-12,2938.000000,2903.000000,2911.000000,2938.000000,16.000000,935040.000000,1.210000,1.350000,39.000000,935040.000000
2020-10-14,2938.000000,2938.000000,2938.000000,2938.000000,3.000000,176280.000000,0.000000,0.550000,16.000000,176280.000000
2020-10-15,2968.000000,2950.000000,2968.000000,2968.000000,4.000000,237120.000000,0.610000,1.020000,30.000000,237120.000000
2020-10-16,3000.000000,2971.000000,3000.000000,2971.000000,9.000000,538920.000000,0.980000,0.240000,7.000000,538920.000000
2020-10-19,3144.000000,2954.000000,2954.000000,3144.000000,167.000000,10390740.000000,6.350000,5.010000,150.000000,10390740.000000
2020-10-20,3238.000000,3107.000000,3224.000000,3140.000000,99.000000,6240960.000000,4.210000,0.930000,29.000000,6240960.000000
2020-10-21,3131.000000,3104.000000,3104.000000,3108.000000,21.000000,1310820.000000,0.860000,-1.400000,-44.000000,1310820.000000
2020-10-22,3126.000000,3115.000000,3115.000000,3115.000000,7.000000,436940.000000,0.350000,-0.190000,-6.000000,436940.000000
2020-10-23,3187.000000,3106.000000,3187.000000,3108.000000,5.000000,312800.000000,2.600000,-0.420000,-13.000000,312800.000000
2020-10-26,3097.000000,3042.000000,3042.000000,3090.000000,6.000000,369000.000000,1.760000,-1.210000,-38.000000,369000.000000
2020-10-27,3196.000000,3031.000000,3196.000000,3054.000000,6.000000,368760.000000,5.370000,-0.680000,-21.000000,368760.000000
2020-10-28,3052.000000,2991.000000,2991.000000,3052.000000,38.000000,2295960.000000,1.990000,-0.680000,-21.000000,2295960.000000
2020-10-29,3112.000000,3000.000000,3020.000000,3038.000000,175.000000,10633000.000000,3.710000,0.560000,17.000000,10633000.000000
2020-10-30,3190.000000,2964.000000,2964.000000,3010.000000,104.000000,6262880.000000,7.440000,-0.920000,-28.000000,6262880.000000
2020-11-03,3400.000000,3350.000000,3350.000000,3400.000000,33.000000,2242680.000000,1.660000,12.920000,389.000000,2242680.000000
2022-03-15,3099.000000,2900.000000,2973.000000,2900.000000,4.000000,238880.000000,5.860000,-14.660000,-498.000000,238880.000000
2022-03-16,3000.000000,2900.000000,2900.000000,3000.000000,3.000000,177960.000000,3.350000,0.470000,14.000000,177960.000000
2022-03-17,3060.000000,2904.000000,2904.000000,3039.000000,28.000000,1687280.000000,5.260000,2.460000,73.000000,1687280.000000
2022-03-18,3124.000000,2991.000000,2991.000000,3037.000000,7.000000,425600.000000,4.410000,0.800000,24.000000,425600.000000
2022-03-21,3064.000000,3026.000000,3026.000000,3026.000000,6.000000,363840.000000,1.250000,-0.460000,-14.000000,363840.000000
2022-03-22,3146.000000,2835.000000,2900.000000,2939.000000,24.000000,1417920.000000,10.260000,-3.070000,-93.000000,1417920.000000
2022-03-23,2997.000000,2920.000000,2920.000000,2997.000000,4.000000,237280.000000,2.610000,1.460000,43.000000,237280.000000
2022-03-24,3004.000000,2963.000000,2964.000000,3003.000000,4.000000,238720.000000,1.380000,1.250000,37.000000,238720.000000
2022-03-28,3130.000000,3023.000000,3130.000000,3040.000000,4.000000,244320.000000,3.590000,1.880000,56.000000,244320.000000
2022-03-29,3006.000000,3006.000000,3006.000000,3006.000000,2.000000,120240.000000,0.000000,-1.570000,-48.000000,120240.000000
2022-03-30,3039.000000,2965.000000,3039.000000,3004.000000,5.000000,300300.000000,2.460000,-0.070000,-2.000000,300300.000000
2022-05-06,3081.000000,2993.000000,3050.000000,2993.000000,134.000000,8058760.000000,2.930000,-0.330000,-10.000000,8058760.000000
2022-05-09,2959.000000,2802.000000,2851.000000,2846.000000,112.000000,6471360.000000,5.220000,-5.350000,-161.000000,6471360.000000
2022-05-10,2861.000000,2690.000000,2838.000000,2830.000000,40.000000,2260000.000000,5.920000,-2.040000,-59.000000,2260000.000000
2022-05-11,2825.000000,2823.000000,2825.000000,2823.000000,3.000000,169440.000000,0.070000,-0.070000,-2.000000,169440.000000
2022-05-12,2792.000000,2700.000000,2792.000000,2700.000000,19.000000,1034360.000000,3.260000,-4.390000,-124.000000,1034360.000000
2022-05-16,2869.000000,2639.000000,2869.000000,2648.000000,4.000000,216080.000000,8.450000,-2.720000,-74.000000,216080.000000
2022-05-19,2600.000000,2590.000000,2600.000000,2590.000000,13.000000,674440.000000,0.370000,-4.110000,-111.000000,674440.000000
2022-05-27,2595.000000,2595.000000,2595.000000,2595.000000,1.000000,51900.000000,0.000000,0.040000,1.000000,51900.000000
2022-06-08,2595.000000,2595.000000,2595.000000,2595.000000,2.000000,103800.000000,0.000000,0.000000,0.000000,103800.000000
2022-06-13,2600.000000,2600.000000,2600.000000,2600.000000,1.000000,52000.000000,0.000000,0.190000,5.000000,52000.000000
2022-06-16,2585.000000,2585.000000,2585.000000,2585.000000,6.000000,310200.000000,0.000000,-0.580000,-15.000000,310200.000000
2022-06-20,2585.000000,2585.000000,2585.000000,2585.000000,1.000000,51700.000000,0.000000,0.000000,0.000000,51700.000000
2022-06-22,2565.000000,2565.000000,2565.000000,2565.000000,3.000000,153900.000000,0.000000,-0.770000,-20.000000,153900.000000
2022-06-24,2565.000000,2565.000000,2565.000000,2565.000000,5.000000,256500.000000,0.000000,0.000000,0.000000,256500.000000
2022-06-27,2565.000000,2535.000000,2565.000000,2535.000000,13.000000,660920.000000,1.170000,-1.170000,-30.000000,660920.000000
2022-06-29,2535.000000,2535.000000,2535.000000,2535.000000,2.000000,101400.000000,0.000000,-0.280000,-7.000000,101400.000000
2022-06-30,2535.000000,2535.000000,2535.000000,2535.000000,1.000000,50700.000000,0.000000,0.000000,0.000000,50700.000000