2020-03-30,2438.000000,2318.000000,2350.000000,2366.000000,85116.000000,4050810896.000000,0.000000,0.000000,0.000000,4050810896.000000
2020-03-31,2545.000000,2404.000000,2430.000000,2545.000000,89839.000000,4516356096.000000,5.930000,6.980000,166.000000,4516356096.000000
2020-04-01,2642.000000,2530.000000,2547.000000,2624.000000,199435.000000,10365759232.000000,4.460000,4.420000,111.000000,10365759232.000000
2020-04-02,2779.000000,2607.000000,2644.000000,2779.000000,206057.000000,11074584064.000000,6.620000,6.970000,181.000000,11074584064.000000
2020-04-03,2875.000000,2732.000000,2790.000000,2875.000000,323535.000000,18143979776.000000,5.320000,7.000000,188.000000,18143979776.000000
2020-04-07,3063.000000,2913.000000,2920.000000,3019.000000,430450.000000,25874024704.000000,5.350000,7.670000,215.000000,25874024704.000000
2020-04-08,3014.000000,2891.000000,2986.000000,2939.000000,494076.000000,29189108992.000000,4.090000,-2.200000,-66.000000,29189108992.000000
2020-04-09,3044.000000,2964.000000,2980.000000,3018.000000,457508.000000,27504420608.000000,2.710000,2.200000,65.000000,27504420608.000000
2020-04-10,3022.000000,2913.000000,2930.000000,3021.000000,310584.000000,18455513344.000000,3.630000,0.530000,16.000000,18455513344.000000
2020-04-13,3178.000000,3075.000000,3075.000000,3139.000000,400984.000000,25081110784.000000,3.470000,5.650000,168.000000,25081110784.000000
2020-04-14,3166.000000,3087.000000,3146.000000,3159.000000,327672.000000,20478369280.000000,2.530000,1.020000,32.000000,20478369280.000000
2020-04-15,3336.000000,3108.000000,3116.000000,3243.000000,803635.000000,52220478976.000000,7.300000,3.810000,119.000000,52220478976.000000
2020-04-16,3312.000000,3178.000000,3250.000000,3265.000000,738801.000000,47871022336.000000,4.120000,0.490000,16.000000,47871022336.000000
2020-04-17,3330.000000,3128.000000,3296.000000,3188.000000,727177.000000,46531311104.000000,6.240000,-1.570000,-51.000000,46531311104.000000
2020-04-20,3226.000000,3080.000000,3088.000000,3221.000000,500458.000000,31575584000.000000,4.560000,0.690000,22.000000,31575584000.000000
2020-04-21,3266.000000,3132.000000,3200.000000,3240.000000,767821.000000,49124484352.000000,4.250000,2.730000,86.000000,49124484352.000000
2020-04-22,3220.000000,3065.000000,3182.000000,3129.000000,995470.000000,62345429504.000000,4.850000,-2.160000,-69.000000,62345429504.000000
2020-04-23,3350.000000,3147.000000,3169.000000,3350.000000,744746.000000,48786627584.000000,6.480000,6.990000,219.000000,48786627584.000000
2020-04-24,3423.000000,3315.000000,3350.000000,3400.000000,784376.000000,52835244800.000000,3.300000,3.820000,125.000000,52835244800.000000
2020-04-27,3594.000000,3369.000000,3380.000000,3576.000000,887455.000000,62534833152.000000,6.680000,6.210000,209.000000,62534833152.000000
2020-04-28,3659.000000,3297.000000,3553.000000,3357.000000,1270395.000000,86997286912.000000,10.280000,-4.710000,-166.000000,86997286912.000000
2020-04-29,3469.000000,3269.000000,3357.000000,3319.000000,949175.000000,63657816064.000000,5.840000,-3.070000,-105.000000,63657816064.000000
2020-04-30,3397.000000,3315.000000,3360.000000,3394.000000,602578.000000,40426968064.000000,2.450000,1.220000,41.000000,40426968064.000000
2020-05-06,3524.000000,3377.000000,3500.000000,3440.000000,371491.000000,25505732864.000000,4.380000,2.560000,86.000000,25505732864.000000
2020-05-07,3469.000000,3389.000000,3415.000000,3413.000000,414782.000000,28399307520.000000,2.330000,-0.550000,-19.000000,28399307520.000000
2020-05-08,3463.000000,3355.000000,3448.000000,3454.000000,423534.000000,28952128768.000000,3.160000,0.910000,31.000000,28952128768.000000
2020-05-11,3507.000000,3326.000000,3455.000000,3348.000000,582185.000000,39679518976.000000,5.300000,-2.020000,-69.000000,39679518976.000000
2020-05-12,3356.000000,3272.000000,3350.000000,3342.000000,472577.000000,31381989376.000000,2.470000,-1.910000,-65.000000,31381989376.000000
2020-05-13,3355.000000,3209.000000,3353.000000,3224.000000,565841.000000,36879662080.000000,4.400000,-2.890000,-96.000000,36879662080.000000
2020-05-14,3273.000000,3205.000000,3235.000000,3257.000000,438676.000000,28429690880.000000,2.090000,-0.030000,-1.000000,28429690880.000000
2020-05-15,3295.000000,3226.000000,3257.000000,3275.000000,338202.000000,22075852544.000000,2.130000,1.080000,35.000000,22075852544.000000
2020-05-18,3279.000000,3168.000000,3274.000000,3230.000000,551455.000000,35473812992.000000,3.400000,-1.010000,-33.000000,35473812992.000000
2020-05-19,3375.000000,3243.000000,3250.000000,3360.000000,516544.000000,34177834752.000000,4.100000,4.480000,144.000000,34177834752.000000
2020-05-20,3426.000000,3342.000000,3360.000000,3388.000000,348115.000000,23555160832.000000,2.540000,2.420000,80.000000,23555160832.000000
2020-05-21,3414.000000,3365.000000,3399.000000,3383.000000,249304.000000,16885063168.000000,1.450000,0.000000,0.000000,16885063168.000000
2020-05-22,3433.000000,3292.000000,3385.000000,3339.000000,371833.000000,25046562816.000000,4.160000,-1.390000,-47.000000,25046562816.000000
2020-05-25,3485.000000,3356.000000,3365.000000,3431.000000,402252.000000,27534386176.000000,3.830000,1.900000,64.000000,27534386176.000000
2020-05-26,3439.000000,3372.000000,3421.000000,3406.000000,264800.000000,18037376768.000000,1.960000,-0.470000,-16.000000,18037376768.000000
2020-05-27,3433.000000,3368.000000,3415.000000,3397.000000,227595.000000,15466469632.000000,1.910000,-0.230000,-8.000000,15466469632.000000
2020-05-28,3445.000000,3374.000000,3391.000000,3434.000000,209954.000000,14309811712.000000,2.090000,1.090000,37.000000,14309811712.000000
2020-05-29,3448.000000,3398.000000,3445.000000,3438.000000,158223.000000,10830934528.000000,1.470000,0.910000,31.000000,10830934528.000000
2020-06-01,3537.000000,3414.000000,3437.000000,3525.000000,206962.000000,14435530752.000000,3.590000,3.010000,103.000000,14435530752.000000
2020-06-02,3619.000000,3517.000000,3518.000000,3606.000000,279000.000000,19943841024.000000,2.930000,3.410000,119.000000,19943841024.000000
2020-06-03,3610.000000,3560.000000,3600.000000,3592.000000,181670.000000,13020663296.000000,1.400000,0.500000,18.000000,13020663296.000000
2020-06-04,3584.000000,3508.000000,3583.000000,3516.000000,182757.000000,12970867968.000000,2.120000,-1.870000,-67.000000,12970867968.000000
2020-06-05,3605.000000,3513.000000,3514.000000,3592.000000,185042.000000,13212433408.000000,2.590000,1.240000,44.000000,13212433408.000000
2020-06-08,3677.000000,3534.000000,3635.000000,3549.000000,239605.000000,17120897536.000000,4.010000,-0.590000,-21.000000,17120897536.000000
2020-06-09,3598.000000,3531.000000,3532.000000,3584.000000,184452.000000,13168944384.000000,1.880000,0.340000,12.000000,13168944384.000000
2020-06-10,3588.000000,3535.000000,3573.000000,3549.000000,139040.000000,9889505792.000000,1.490000,-0.560000,-20.000000,9889505792.000000
2020-06-11,3558.000000,3376.000000,3549.000000,3406.000000,365207.000000,25126583808.000000,5.120000,-4.220000,-150.000000,25126583808.000000
2020-06-12,3395.000000,3268.000000,3380.000000,3347.000000,403620.000000,26952140544.000000,3.690000,-2.700000,-93.000000,26952140544.000000
2020-06-15,3425.000000,3313.000000,3370.000000,3373.000000,293515.000000,19758496000.000000,3.360000,1.050000,35.000000,19758496000.000000
2020-06-16,3488.000000,3342.000000,3354.000000,3461.000000,306661.000000,21051240192.000000,4.340000,2.850000,96.000000,21051240192.000000
2020-06-17,3516.000000,3440.000000,3485.000000,3481.000000,209142.000000,14556145408.000000,2.210000,1.430000,49.000000,14556145408.000000
2020-06-18,3505.000000,3453.000000,3479.000000,3477.000000,166693.000000,11580474880.000000,1.490000,-0.060000,-2.000000,11580474880.000000
2020-06-19,3573.000000,3462.000000,3482.000000,3559.000000,265168.000000,18729766912.000000,3.200000,2.480000,86.000000,18729766912.000000
2020-06-22,3588.000000,3493.000000,3570.000000,3517.000000,179948.000000,12698168320.000000,2.690000,-0.400000,-14.000000,12698168320.000000
2020-06-23,3567.000000,3501.000000,3525.000000,3546.000000,146082.000000,10341210880.000000,1.870000,0.510000,18.000000,10341210880.000000
2020-06-24,3556.000000,3461.000000,3551.000000,3523.000000,184985.000000,12978170112.000000,2.680000,-0.450000,-16.000000,12978170112.000000
2020-06-29,3506.000000,3437.000000,3487.000000,3483.000000,133792.000000,9300499200.000000,1.970000,-0.680000,-24.000000,9300499200.000000
2020-06-30,3577.000000,3497.000000,3500.000000,3560.000000,191710.000000,13580157440.000000,2.300000,2.450000,85.000000,13580157440.000000
2020-07-01,3574.000000,3510.000000,3551.000000,3542.000000,157913.000000,11185091584.000000,1.810000,0.030000,1.000000,11185091584.000000
2020-07-02,3621.000000,3531.000000,3535.000000,3604.000000,252522.000000,18106774528.000000,2.540000,1.780000,63.000000,18106774528.000000
2020-07-03,3630.000000,3577.000000,3604.000000,3624.000000,145908.000000,10495739904.000000,1.480000,1.090000,39.000000,10495739904.000000
2020-07-06,3625.000000,3532.000000,3615.000000,3573.000000,203846.000000,14561301760.000000,2.590000,-0.640000,-23.000000,14561301760.000000
2020-07-07,3625.000000,3540.000000,3569.000000,3589.000000,199384.000000,14286439424.000000,2.380000,0.500000,18.000000,14286439424.000000
2020-07-08,3646.000000,3567.000000,3598.000000,3586.000000,217702.000000,15668180736.000000,2.210000,0.110000,4.000000,15668180736.000000
2020-07-09,3673.000000,3580.000000,3589.000000,3667.000000,217011.000000,15725722880.000000,2.580000,1.920000,69.000000,15725722880.000000
2020-07-10,3687.000000,3591.000000,3680.000000,3624.000000,213464.000000,15493245184.000000,2.650000,0.030000,1.000000,15493245184.000000
2020-07-13,3897.000000,3621.000000,3630.000000,3829.000000,427777.000000,32265341696.000000,7.610000,5.510000,200.000000,32265341696.000000
2020-07-14,3856.000000,3773.000000,3824.000000,3843.000000,245846.000000,18784829184.000000,2.200000,1.910000,72.000000,18784829184.000000
2020-07-15,3918.000000,3807.000000,3830.000000,3886.000000,285840.000000,22155691776.000000,2.910000,1.730000,66.000000,22155691776.000000
2020-07-16,3908.000000,3836.000000,3894.000000,3874.000000,207724.000000,16103086592.000000,1.860000,-0.030000,-1.000000,16103086592.000000
2020-07-17,3984.000000,3845.000000,3875.000000,3865.000000,337429.000000,26400347904.000000,3.590000,-0.280000,-11.000000,26400347904.000000
2020-07-20,3895.000000,3774.000000,3856.000000,3874.000000,293971.000000,22550192128.000000,3.090000,-0.950000,-37.000000,22550192128.000000
2020-07-21,4025.000000,3865.000000,3872.000000,3992.000000,288022.000000,22740227072.000000,4.170000,4.090000,157.000000,22740227072.000000
2020-07-22,4059.000000,3939.000000,4007.000000,4015.000000,282485.000000,22630370816.000000,3.040000,1.720000,68.000000,22630370816.000000
2020-07-23,4024.000000,3953.000000,4001.000000,4004.000000,206739.000000,16521406976.000000,1.770000,-0.020000,-1.000000,16521406976.000000
2020-07-24,3996.000000,3910.000000,3988.000000,3946.000000,233556.000000,18460249600.000000,2.150000,-1.230000,-49.000000,18460249600.000000
2020-07-27,4033.000000,3854.000000,3965.000000,3919.000000,274837.000000,21728316672.000000,4.530000,-0.810000,-32.000000,21728316672.000000
2020-07-28,3962.000000,3839.000000,3928.000000,3888.000000,230121.000000,17945855488.000000,3.110000,-1.620000,-64.000000,17945855488.000000
2020-07-29,3950.000000,3856.000000,3884.000000,3934.000000,195981.000000,15326938624.000000,2.410000,0.900000,35.000000,15326938624.000000
2020-07-30,3926.000000,3797.000000,3910.000000,3838.000000,251512.000000,19417590528.000000,3.300000,-1.840000,-72.000000,19417590528.000000
2020-07-31,3884.000000,3780.000000,3815.000000,3826.000000,247733.000000,18980002048.000000,2.690000,-0.880000,-34.000000,18980002048.000000
2020-08-03,3861.000000,3760.000000,3826.000000,3841.000000,213180.000000,16257626624.000000,2.640000,0.290000,11.000000,16257626624.000000
2020-08-04,3910.000000,3834.000000,3848.000000,3856.000000,178671.000000,13825471488.000000,1.990000,1.130000,43.000000,13825471488.000000
2020-08-05,4022.000000,3817.000000,3859.000000,3977.000000,265247.000000,20944486656.000000,5.300000,2.820000,109.000000,20944486656.000000
2020-08-06,4018.000000,3926.000000,4000.000000,3978.000000,154441.000000,12271379712.000000,2.330000,0.760000,30.000000,12271379712.000000
2020-08-07,4036.000000,3910.000000,3998.000000,3948.000000,175893.000000,13944124416.000000,3.170000,-0.600000,-24.000000,13944124416.000000
2020-08-10,4038.000000,3898.000000,3948.000000,3924.000000,199815.000000,15799909120.000000,3.530000,-0.980000,-39.000000,15799909120.000000
2020-08-11,3965.000000,3861.000000,3930.000000,3873.000000,181550.000000,14197741312.000000,2.630000,-2.020000,-80.000000,14197741312.000000
2020-08-12,3905.000000,3810.000000,3890.000000,3894.000000,175136.000000,13527425792.000000,2.430000,-0.410000,-16.000000,13527425792.000000
2020-08-13,3930.000000,3829.000000,3900.000000,3841.000000,131466.000000,10155705088.000000,2.620000,-0.520000,-20.000000,10155705088.000000
2020-08-14,3873.000000,3814.000000,3854.000000,3867.000000,102324.000000,7861235712.000000,1.530000,0.130000,5.000000,7861235712.000000
2020-08-17,3956.000000,3841.000000,3875.000000,3862.000000,170177.000000,13232968960.000000,2.990000,0.550000,21.000000,13232968960.000000
2020-08-18,3899.000000,3846.000000,3860.000000,3865.000000,110915.000000,8599106304.000000,1.360000,-0.590000,-23.000000,8599106304.000000
2020-08-19,3875.000000,3790.000000,3868.000000,3856.000000,179540.000000,13788415488.000000,2.190000,-0.520000,-20.000000,13788415488.000000
2020-08-20,3871.000000,3476.000000,3838.000000,3584.000000,523321.000000,38073701632.000000,10.290000,-6.640000,-255.000000,38073701632.000000
2020-08-21,3636.000000,3551.000000,3580.000000,3602.000000,199550.000000,14330470656.000000,2.340000,-0.960000,-35.000000,14330470656.000000
2020-08-24,3617.000000,3565.000000,3585.000000,3605.000000,114097.000000,8200641280.000000,1.450000,0.420000,15.000000,8200641280.000000
2020-08-25,3636.000000,3525.000000,3600.000000,3611.000000,186118.000000,13387652608.000000,3.090000,0.500000,18.000000,13387652608.000000
2020-08-26,3629.000000,3563.000000,3623.000000,3600.000000,121763.000000,8740785920.000000,1.840000,0.110000,4.000000,8740785920.000000
2020-08-27,3664.000000,3579.000000,3619.000000,3631.000000,153378.000000,11095714560.000000,2.370000,1.170000,42.000000,11095714560.000000
2020-08-28,3700.000000,3620.000000,3632.000000,3685.000000,159118.000000,11674131712.000000,2.210000,1.880000,68.000000,11674131712.000000
2020-08-31,3764.000000,3639.000000,3687.000000,3673.000000,171096.000000,12659338752.000000,3.410000,0.140000,5.000000,12659338752.000000
2020-09-01,3700.000000,3622.000000,3666.000000,3682.000000,118534.000000,8693545728.000000,2.110000,-0.460000,-17.000000,8693545728.000000
2020-09-02,3695.000000,3548.000000,3689.000000,3583.000000,191706.000000,13832569344.000000,4.010000,-2.290000,-84.000000,13832569344.000000
2020-09-03,3609.000000,3533.000000,3583.000000,3557.000000,148772.000000,10627926016.000000,2.110000,-1.390000,-50.000000,10627926016.000000
2020-09-04,3610.000000,3514.000000,3538.000000,3558.000000,141804.000000,10102275072.000000,2.690000,-0.360000,-13.000000,10102275072.000000
2020-09-07,3569.000000,3434.000000,3560.000000,3533.000000,225814.000000,15797292288.000000,3.790000,-0.810000,-29.000000,15797292288.000000
2020-09-08,3563.000000,3502.000000,3520.000000,3521.000000,97965.000000,6899635200.000000,1.740000,0.690000,24.000000,6899635200.000000
2020-09-09,3549.000000,3401.000000,3488.000000,3519.000000,252154.000000,17551746048.000000,4.200000,-0.060000,-2.000000,17551746048.000000
2020-09-10,3583.000000,3379.000000,3525.000000,3422.000000,238196.000000,16681773312.000000,5.860000,-1.670000,-58.000000,16681773312.000000
2020-09-11,3460.000000,3359.000000,3418.000000,3391.000000,191266.000000,13032144384.000000,2.880000,-3.140000,-110.000000,13032144384.000000
2020-09-14,3448.000000,3374.000000,3391.000000,3425.000000,120428.000000,8224782336.000000,2.170000,0.560000,19.000000,8224782336.000000
2020-09-15,3445.000000,3377.000000,3425.000000,3402.000000,131504.000000,8978803968.000000,1.990000,-0.350000,-12.000000,8978803968.000000
2020-09-16,3477.000000,3395.000000,3415.000000,3449.000000,131821.000000,9072319744.000000,2.400000,1.050000,36.000000,9072319744.000000
2020-09-17,3470.000000,3405.000000,3454.000000,3447.000000,134520.000000,9260639232.000000,1.890000,0.170000,6.000000,9260639232.000000
2020-09-18,3579.000000,3410.000000,3455.000000,3566.000000,210185.000000,14727400704.000000,4.910000,3.600000,124.000000,14727400704.000000
2020-09-21,3596.000000,3467.000000,3555.000000,3480.000000,159932.000000,11294314752.000000,3.680000,-0.660000,-23.000000,11294314752.000000
2020-09-22,3492.000000,3333.000000,3477.000000,3418.000000,163685.000000,11213529088.000000,4.500000,-3.170000,-112.000000,11213529088.000000
2020-09-23,3468.000000,3372.000000,3421.000000,3434.000000,150128.000000,10273003008.000000,2.800000,0.260000,9.000000,10273003008.000000
2020-09-24,3498.000000,3411.000000,3445.000000,3417.000000,141736.000000,9784308736.000000,2.540000,-0.120000,-4.000000,9784308736.000000
2020-09-25,3533.000000,3390.000000,3418.000000,3508.000000,128052.000000,8926672384.000000,4.140000,1.650000,57.000000,8926672384.000000
2020-09-28,3558.000000,3431.000000,3521.000000,3446.000000,149623.000000,10463983872.000000,3.640000,-1.120000,-39.000000,10463983872.000000
2020-09-29,3474.000000,3421.000000,3450.000000,3430.000000,98218.000000,6760612608.000000,1.520000,-1.890000,-66.000000,6760612608.000000
2020-09-30,3435.000000,3347.000000,3426.000000,3415.000000,123209.000000,8367080448.000000,2.560000,-0.760000,-26.000000,8367080448.000000
2020-10-09,3585.000000,3476.000000,3495.000000,3560.000000,71258.000000,5044905728.000000,3.210000,4.860000,165.000000,5044905728.000000
2020-10-12,3725.000000,3554.000000,3570.000000,3698.000000,128172.000000,9321949184.000000,4.830000,4.490000,159.000000,9321949184.000000
2020-10-13,3725.000000,3661.000000,3696.000000,3685.000000,88704.000000,6542793728.000000,1.760000,1.350000,49.000000,6542793728.000000
2020-10-14,3761.000000,3668.000000,3699.000000,3737.000000,116423.000000,8669987584.000000,2.520000,1.360000,50.000000,8669987584.000000
2020-10-15,3853.000000,3716.000000,3746.000000,3806.000000,134201.000000,10189003520.000000,3.680000,2.230000,83.000000,10189003520.000000
2020-10-16,3847.000000,3735.000000,3784.000000,3751.000000,105591.000000,8011936768.000000,2.950000,-1.190000,-45.000000,8011936768.000000
2020-10-19,3759.000000,3633.000000,3710.000000,3680.000000,144416.000000,10648010240.000000,3.320000,-2.980000,-113.000000,10648010240.000000
2020-10-20,3728.000000,3660.000000,3680.000000,3693.000000,56347.000000,4163073568.000000,1.840000,0.190000,7.000000,4163073568.000000
2020-10-21,3719.000000,3661.000000,3693.000000,3685.000000,53511.000000,3948062896.000000,1.570000,-0.240000,-9.000000,3948062896.000000
2020-10-22,3762.000000,3646.000000,3692.000000,3723.000000,82897.000000,6167255552.000000,3.140000,0.920000,34.000000,6167255552.000000
2020-10-23,3787.000000,3690.000000,3730.000000,3724.000000,67650.000000,5054004992.000000,2.610000,0.130000,5.000000,5054004992.000000
2020-10-26,3833.000000,3726.000000,3799.000000,3753.000000,103659.000000,7829229056.000000,2.860000,0.480000,18.000000,7829229056.000000
2020-10-27,3829.000000,3743.000000,3829.000000,3766.000000,84305.000000,6360009984.000000,2.280000,-0.260000,-10.000000,6360009984.000000
2020-10-28,3797.000000,3681.000000,3745.000000,3723.000000,98380.000000,7367959040.000000,3.080000,-1.300000,-49.000000,7367959040.000000
2020-10-29,3780.000000,3672.000000,3700.000000,3761.000000,94005.000000,7012997888.000000,2.880000,0.450000,17.000000,7012997888.000000
2020-10-30,3939.000000,3655.000000,3719.000000,3885.000000,217251.000000,16550846208.000000,7.610000,4.160000,155.000000,16550846208.000000
2020-11-02,3956.000000,3836.000000,3895.000000,3889.000000,131306.000000,10235038208.000000,3.150000,2.100000,80.000000,10235038208.000000
2020-11-03,3900.000000,3780.000000,3900.000000,3811.000000,111425.000000,8537922816.000000,3.080000,-2.210000,-86.000000,8537922816.000000
2020-11-04,3833.000000,3712.000000,3820.000000,3785.000000,124255.000000,9377877248.000000,3.160000,-1.200000,-46.000000,9377877248.000000
2020-11-05,3838.000000,3716.000000,3838.000000,3754.000000,94907.000000,7138598144.000000,3.230000,-0.500000,-19.000000,7138598144.000000
2020-11-06,3781.000000,3701.000000,3754.000000,3754.000000,78637.000000,5883310592.000000,2.130000,-0.160000,-6.000000,5883310592.000000
2020-11-09,3767.000000,3569.000000,3746.000000,3580.000000,133727.000000,9728098304.000000,5.290000,-4.280000,-160.000000,9728098304.000000
2020-11-10,3666.000000,3551.000000,3610.000000,3561.000000,87835.000000,6343508224.000000,3.160000,-2.090000,-76.000000,6343508224.000000
2020-11-11,3600.000000,3550.000000,3563.000000,3571.000000,65196.000000,4663051008.000000,1.380000,-1.110000,-40.000000,4663051008.000000
2020-11-12,3676.000000,3560.000000,3560.000000,3662.000000,101502.000000,7379743232.000000,3.240000,2.400000,86.000000,7379743232.000000
2020-11-13,3676.000000,3510.000000,3650.000000,3522.000000,105240.000000,7545469696.000000,4.570000,-3.110000,-113.000000,7545469696.000000
2020-11-16,3571.000000,3502.000000,3522.000000,3567.000000,73082.000000,5180016128.000000,1.930000,-0.470000,-17.000000,5180016128.000000
2020-11-17,3620.000000,3523.000000,3567.000000,3592.000000,72987.000000,5223663872.000000,2.740000,1.380000,49.000000,5223663872.000000
2020-11-18,3636.000000,3530.000000,3595.000000,3621.000000,63506.000000,4551147008.000000,2.960000,1.200000,43.000000,4551147008.000000
2020-11-19,3652.000000,3553.000000,3649.000000,3573.000000,45632.000000,3277323280.000000,2.760000,-0.280000,-10.000000,3277323280.000000
2020-11-20,3569.000000,3444.000000,3560.000000,3467.000000,77671.000000,5425477120.000000,3.480000,-3.450000,-124.000000,5425477120.000000
2020-11-23,3555.000000,3456.000000,3477.000000,3544.000000,49580.000000,3485904160.000000,2.840000,1.490000,52.000000,3485904160.000000
2020-11-24,3580.000000,3525.000000,3565.000000,3560.000000,57554.000000,4087428864.000000,1.560000,1.280000,45.000000,4087428864.000000
2020-11-25,3693.000000,3552.000000,3560.000000,3670.000000,131660.000000,9587277824.000000,3.970000,3.380000,120.000000,9587277824.000000
2020-11-26,3727.000000,3642.000000,3668.000000,3665.000000,114285.000000,8427168768.000000,2.340000,0.690000,25.000000,8427168768.000000
2020-11-27,3730.000000,3648.000000,3678.000000,3700.000000,84086.000000,6225480704.000000,2.220000,0.380000,14.000000,6225480704.000000
2020-11-30,3771.000000,3667.000000,3704.000000,3695.000000,83232.000000,6177253888.000000,2.810000,-0.160000,-6.000000,6177253888.000000
2020-12-01,3803.000000,3697.000000,3698.000000,3723.000000,100771.000000,7548663808.000000,2.860000,0.350000,13.000000,7548663808.000000
2020-12-02,3735.000000,3644.000000,3720.000000,3725.000000,85058.000000,6288371968.000000,2.430000,-0.530000,-20.000000,6288371968.000000
2020-12-03,3745.000000,3660.000000,3725.000000,3668.000000,69097.000000,5112135936.000000,2.300000,-0.760000,-28.000000,5112135936.000000
2020-12-04,3733.000000,3632.000000,3668.000000,3689.000000,74925.000000,5512364032.000000,2.730000,-0.270000,-10.000000,5512364032.000000
2020-12-07,3902.000000,3686.000000,3689.000000,3879.000000,108004.000000,8238711040.000000,5.870000,5.460000,201.000000,8238711040.000000
2020-12-08,3919.000000,3851.000000,3879.000000,3865.000000,68326.000000,5308251648.000000,1.780000,1.340000,51.000000,5308251648.000000
2020-12-09,3908.000000,3695.000000,3874.000000,3711.000000,90548.000000,6917808384.000000,5.480000,-4.450000,-173.000000,6917808384.000000
2020-12-10,3759.000000,3690.000000,3711.000000,3725.000000,53084.000000,3961796720.000000,1.810000,-2.460000,-94.000000,3961796720.000000
2020-12-11,3833.000000,3720.000000,3736.000000,3818.000000,64394.000000,4864836352.000000,3.030000,2.330000,87.000000,4864836352.000000
2020-12-14,3986.000000,3798.000000,3830.000000,3896.000000,89051.000000,6947280128.000000,4.980000,3.150000,119.000000,6947280128.000000
2020-12-15,3935.000000,3866.000000,3900.000000,3891.000000,51460.000000,4016722576.000000,1.770000,-0.230000,-9.000000,4016722576.000000
2020-12-16,3922.000000,3836.000000,3889.000000,3860.000000,56987.000000,4414907904.000000,2.200000,-1.080000,-42.000000,4414907904.000000
2020-12-17,3884.000000,3783.000000,3869.000000,3839.000000,66346.000000,5080306432.000000,2.610000,-0.880000,-34.000000,5080306432.000000
2020-12-18,3997.000000,3822.000000,3822.000000,3951.000000,63880.000000,5005516288.000000,4.570000,3.210000,123.000000,5005516288.000000
2020-12-21,4150.000000,3990.000000,3993.000000,4062.000000,102232.000000,8310117120.000000,4.080000,3.700000,145.000000,8310117120.000000
2020-12-22,4062.000000,3909.000000,4040.000000,3950.000000,97643.000000,7783301120.000000,3.760000,-2.810000,-114.000000,7783301120.000000
2020-12-23,4006.000000,3778.000000,3970.000000,3901.000000,92790.000000,7274654208.000000,5.720000,-2.110000,-84.000000,7274654208.000000
2020-12-24,3966.000000,3868.000000,3915.000000,3961.000000,83806.000000,6567814656.000000,2.500000,1.070000,42.000000,6567814656.000000
2020-12-25,3974.000000,3881.000000,3950.000000,3960.000000,70741.000000,5565002496.000000,2.370000,1.070000,42.000000,5565002496.000000
2020-12-28,4000.000000,3827.000000,3961.000000,3869.000000,119640.000000,9374480896.000000,4.400000,-1.630000,-64.000000,9374480896.000000
2020-12-29,3901.000000,3723.000000,3870.000000,3730.000000,103630.000000,7913161216.000000,4.540000,-4.770000,-187.000000,7913161216.000000
2020-12-30,3793.000000,3696.000000,3735.000000,3768.000000,70878.000000,5322568960.000000,2.540000,-1.280000,-49.000000,5322568960.000000
2020-12-31,3814.000000,3720.000000,3768.000000,3776.000000,88456.000000,6649367296.000000,2.500000,0.590000,22.000000,6649367296.000000
2021-01-04,3929.000000,3827.000000,3866.000000,3895.000000,65790.000000,5108039424.000000,2.710000,3.650000,137.000000,5108039424.000000
2021-01-05,3954.000000,3886.000000,3895.000000,3945.000000,62506.000000,4909544448.000000,1.750000,1.620000,63.000000,4909544448.000000
2021-01-06,4009.000000,3922.000000,3960.000000,3948.000000,55820.000000,4417963776.000000,2.220000,0.530000,21.000000,4417963776.000000
2021-01-07,4029.000000,3933.000000,3945.000000,3953.000000,80727.000000,6415817216.000000,2.430000,-0.100000,-4.000000,6415817216.000000
2021-01-08,3973.000000,3830.000000,3960.000000,3942.000000,97720.000000,7652756992.000000,3.600000,-0.780000,-31.000000,7652756992.000000
2021-01-11,3965.000000,3844.000000,3952.000000,3857.000000,58501.000000,4550179840.000000,3.090000,-1.480000,-58.000000,4550179840.000000
2021-01-12,3914.000000,3786.000000,3850.000000,3904.000000,65559.000000,5067887872.000000,3.290000,0.410000,16.000000,5067887872.000000
2021-01-13,3988.000000,3882.000000,3920.000000,3966.000000,72377.000000,5687298048.000000,2.740000,2.610000,101.000000,5687298048.000000
2021-01-14,4069.000000,3911.000000,3966.000000,3988.000000,107405.000000,8567910656.000000,4.020000,1.530000,60.000000,8567910656.000000
2021-01-15,4021.000000,3891.000000,3973.000000,3896.000000,77478.000000,6166011392.000000,3.260000,-2.310000,-92.000000,6166011392.000000
2021-01-18,3907.000000,3748.000000,3903.000000,3774.000000,87510.000000,6675869696.000000,4.000000,-5.150000,-205.000000,6675869696.000000
2021-01-19,3815.000000,3750.000000,3780.000000,3798.000000,52376.000000,3962446944.000000,1.700000,-0.420000,-16.000000,3962446944.000000
2021-01-20,3821.000000,3661.000000,3820.000000,3661.000000,71218.000000,5336230912.000000,4.230000,-3.200000,-121.000000,5336230912.000000
2021-01-21,3759.000000,3632.000000,3650.000000,3672.000000,55051.000000,4086413520.000000,3.390000,-1.980000,-74.000000,4086413520.000000
2021-01-22,3708.000000,3587.000000,3679.000000,3658.000000,48817.000000,3557504656.000000,3.260000,-1.430000,-53.000000,3557504656.000000
2021-01-25,3494.000000,3413.000000,3450.000000,3432.000000,78777.000000,5441797888.000000,2.220000,-5.790000,-211.000000,5441797888.000000
2021-01-26,3455.000000,3331.000000,3430.000000,3336.000000,99325.000000,6743373056.000000,3.590000,-3.390000,-117.000000,6743373056.000000
2021-01-27,3434.000000,3336.000000,3350.000000,3402.000000,95684.000000,6476197888.000000,2.890000,0.240000,8.000000,6476197888.000000
2021-01-28,3402.000000,3275.000000,3400.000000,3299.000000,138001.000000,9153804032.000000,3.750000,-2.510000,-85.000000,9153804032.000000
2021-01-29,3342.000000,3253.000000,3302.000000,3301.000000,124355.000000,8203037696.000000,2.680000,-0.450000,-15.000000,8203037696.000000
2021-02-01,3445.000000,3303.000000,3303.000000,3425.000000,125809.000000,8546631168.000000,4.310000,3.850000,127.000000,8546631168.000000
2021-02-02,3473.000000,3358.000000,3449.000000,3397.000000,102082.000000,6982853376.000000,3.390000,0.030000,1.000000,6982853376.000000
2021-02-03,3429.000000,3327.000000,3406.000000,3367.000000,69185.000000,4682494464.000000,2.980000,-1.550000,-53.000000,4682494464.000000
2021-02-04,3443.000000,3320.000000,3379.000000,3429.000000,79816.000000,5387900928.000000,3.630000,1.330000,45.000000,5387900928.000000
2021-02-05,3496.000000,3422.000000,3425.000000,3480.000000,96947.000000,6701344256.000000,2.190000,3.110000,105.000000,6701344256.000000
2021-02-08,3547.000000,3441.000000,3480.000000,3488.000000,72684.000000,5078547200.000000,3.070000,0.930000,32.000000,5078547200.000000
2021-02-09,3544.000000,3451.000000,3490.000000,3510.000000,66696.000000,4666046720.000000,2.660000,0.490000,17.000000,4666046720.000000
2021-02-10,3500.000000,3259.000000,3500.000000,3264.000000,145641.000000,9714650880.000000,6.890000,-6.660000,-233.000000,9714650880.000000
2021-02-18,3377.000000,3289.000000,3350.000000,3314.000000,47116.000000,3134962240.000000,2.640000,-0.630000,-21.000000,3134962240.000000
2021-02-19,3449.000000,3301.000000,3325.000000,3426.000000,110117.000000,7447424512.000000,4.450000,3.010000,100.000000,7447424512.000000
2021-02-22,3494.000000,3381.000000,3429.000000,3468.000000,66171.000000,4553028608.000000,3.340000,2.570000,87.000000,4553028608.000000
2021-02-23,3515.000000,3421.000000,3440.000000,3506.000000,55583.000000,3862252656.000000,2.730000,1.920000,66.000000,3862252656.000000
2021-02-24,4082.000000,3913.000000,3930.000000,4010.000000,144890.000000,11601748992.000000,4.860000,15.430000,536.000000,11601748992.000000
2021-02-25,4150.000000,3978.000000,4030.000000,4071.000000,129737.000000,10557925888.000000,4.300000,1.700000,68.000000,10557925888.000000
2021-02-26,4092.000000,3964.000000,4071.000000,4042.000000,146496.000000,11767919616.000000,3.150000,-0.640000,-26.000000,11767919616.000000
2021-03-01,4109.000000,3915.000000,4012.000000,4071.000000,92906.000000,7451954688.000000,4.830000,1.370000,55.000000,7451954688.000000
2021-03-02,4087.000000,3856.000000,4071.000000,3928.000000,87512.000000,6900641536.000000,5.760000,-2.040000,-82.000000,6900641536.000000
2021-03-03,4008.000000,3928.000000,3948.000000,3988.000000,57936.000000,4598900480.000000,2.030000,1.170000,46.000000,4598900480.000000
2021-03-04,4033.000000,3872.000000,3990.000000,3882.000000,79861.000000,6323163904.000000,4.060000,-2.170000,-86.000000,6323163904.000000
2021-03-05,4009.000000,3852.000000,3870.000000,3985.000000,75873.000000,5978863104.000000,3.970000,0.680000,27.000000,5978863104.000000
2021-03-08,4116.000000,3893.000000,3998.000000,3908.000000,98490.000000,7907542528.000000,5.660000,-0.810000,-32.000000,7907542528.000000
2021-03-09,3939.000000,3804.000000,3876.000000,3883.000000,82848.000000,6435752960.000000,3.360000,-3.260000,-131.000000,6435752960.000000
2021-03-10,3975.000000,3878.000000,3913.000000,3934.000000,78641.000000,6177676032.000000,2.500000,1.290000,50.000000,6177676032.000000
2021-03-11,4050.000000,3934.000000,3952.000000,4044.000000,72496.000000,5788140288.000000,2.950000,2.980000,117.000000,5788140288.000000
2021-03-12,4060.000000,3970.000000,4056.000000,4030.000000,67418.000000,5408894976.000000,2.250000,0.950000,38.000000,5408894976.000000
2021-03-15,4185.000000,3992.000000,4030.000000,4017.000000,102270.000000,8324132352.000000,4.810000,0.150000,6.000000,8324132352.000000
2021-03-16,4070.000000,3971.000000,3995.000000,4040.000000,44693.000000,3601954880.000000,2.430000,-0.710000,-29.000000,3601954880.000000
2021-03-17,4085.000000,4004.000000,4050.000000,4022.000000,43435.000000,3511907216.000000,2.010000,-0.170000,-7.000000,3511907216.000000
2021-03-18,4096.000000,3993.000000,3998.000000,4064.000000,41356.000000,3354220848.000000,2.550000,0.540000,22.000000,3354220848.000000
2021-03-19,4075.000000,3956.000000,4075.000000,4009.000000,59711.000000,4802568192.000000,2.930000,-1.130000,-46.000000,4802568192.000000
2021-03-22,4080.000000,3955.000000,3989.000000,4077.000000,38189.000000,3063841184.000000,3.110000,1.390000,56.000000,3063841184.000000
2021-03-23,4096.000000,4010.000000,4065.000000,4019.000000,26135.000000,2116710384.000000,2.140000,0.200000,8.000000,2116710384.000000
2021-03-24,3920.000000,3750.000000,3880.000000,3764.000000,79427.000000,6080203008.000000,4.200000,-7.040000,-285.000000,6080203008.000000
2021-03-25,3888.000000,3760.000000,3770.000000,3867.000000,74076.000000,5692263936.000000,3.340000,1.050000,40.000000,5692263936.000000
2021-03-26,3863.000000,3783.000000,3862.000000,3823.000000,47463.000000,3620616928.000000,2.080000,-0.490000,-19.000000,3620616928.000000
2021-03-29,3920.000000,3718.000000,3823.000000,3749.000000,95207.000000,7278238464.000000,5.300000,-1.700000,-65.000000,7278238464.000000
2021-03-30,3845.000000,3750.000000,3767.000000,3838.000000,54659.000000,4146672416.000000,2.490000,0.420000,16.000000,4146672416.000000
2021-03-31,3909.000000,3814.000000,3829.000000,3887.000000,59184.000000,4575965952.000000,2.500000,2.480000,94.000000,4575965952.000000
2021-04-01,3914.000000,3770.000000,3887.000000,3782.000000,83069.000000,6383877120.000000,3.730000,-2.150000,-83.000000,6383877120.000000
2021-04-02,3800.000000,3750.000000,3761.000000,3779.000000,53899.000000,4070521088.000000,1.300000,-1.640000,-63.000000,4070521088.000000
2021-04-06,3795.000000,3684.000000,3752.000000,3785.000000,60584.000000,4529881856.000000,2.940000,0.240000,9.000000,4529881856.000000
2021-04-07,3835.000000,3745.000000,3788.000000,3822.000000,56271.000000,4265689408.000000,2.410000,2.250000,84.000000,4265689408.000000
2021-04-08,3875.000000,3792.000000,3826.000000,3821.000000,67418.000000,5169180416.000000,2.190000,0.820000,31.000000,5169180416.000000
2021-04-09,3833.000000,3782.000000,3821.000000,3818.000000,48176.000000,3668996464.000000,1.330000,-0.390000,-15.000000,3668996464.000000
2021-04-12,3921.000000,3760.000000,3818.000000,3899.000000,75594.000000,5814319360.000000,4.230000,2.420000,92.000000,5814319360.000000
2021-04-13,3937.000000,3879.000000,3917.000000,3914.000000,31427.000000,2455152704.000000,1.510000,1.790000,69.000000,2455152704.000000
2021-04-14,3955.000000,3891.000000,3923.000000,3926.000000,39403.000000,3089064928.000000,1.640000,0.510000,20.000000,3089064928.000000
2021-04-15,3934.000000,3888.000000,3916.000000,3915.000000,26096.000000,2040750304.000000,1.170000,-0.100000,-4.000000,2040750304.000000
2021-04-16,3848.000000,3758.000000,3797.000000,3810.000000,68366.000000,5191639552.000000,2.300000,-2.560000,-100.000000,5191639552.000000
2021-04-19,3821.000000,3720.000000,3810.000000,3779.000000,57003.000000,4301728256.000000,2.660000,-0.450000,-17.000000,4301728256.000000
2021-04-20,3799.000000,3729.000000,3799.000000,3749.000000,45026.000000,3383103184.000000,1.860000,-0.640000,-24.000000,3383103184.000000
2021-04-21,3755.000000,3686.000000,3740.000000,3736.000000,68525.000000,5096157184.000000,1.840000,-0.530000,-20.000000,5096157184.000000
2021-04-22,3705.000000,3656.000000,3700.000000,3656.000000,61570.000000,4530509056.000000,1.320000,-1.670000,-62.000000,4530509056.000000
2021-04-23,3682.000000,3650.000000,3656.000000,3668.000000,40951.000000,3004301584.000000,0.870000,-0.300000,-11.000000,3004301584.000000
2021-04-26,3707.000000,3635.000000,3653.000000,3670.000000,59896.000000,4388687360.000000,1.960000,0.050000,2.000000,4388687360.000000
2021-04-27,3693.000000,3633.000000,3666.000000,3681.000000,52852.000000,3872624320.000000,1.640000,0.490000,18.000000,3872624320.000000
2021-04-28,3697.000000,3650.000000,3681.000000,3663.000000,44709.000000,3278879648.000000,1.280000,0.000000,0.000000,3278879648.000000
2021-04-29,3800.000000,3658.000000,3679.000000,3798.000000,71427.000000,5329323008.000000,3.870000,3.600000,132.000000,5329323008.000000
2021-04-30,3958.000000,3780.000000,3836.000000,3914.000000,81189.000000,6250347264.000000,4.770000,4.930000,184.000000,6250347264.000000
2021-05-06,4094.000000,3906.000000,3990.000000,4026.000000,66005.000000,5295033088.000000,4.880000,4.600000,177.000000,5295033088.000000
2021-05-07,4066.000000,3974.000000,4026.000000,4052.000000,50595.000000,4065893648.000000,2.290000,1.020000,41.000000,4065893648.000000
2021-05-10,4180.000000,4015.000000,4052.000000,4050.000000,63108.000000,5142037760.000000,4.110000,0.800000,32.000000,5142037760.000000
2021-05-11,4106.000000,4010.000000,4066.000000,4059.000000,49961.000000,4051099136.000000,2.360000,-0.340000,-14.000000,4051099136.000000
2021-05-12,4190.000000,4032.000000,4059.000000,4159.000000,85766.000000,7073221632.000000,3.900000,2.590000,105.000000,7073221632.000000
2021-05-13,4285.000000,4081.000000,4162.000000,4134.000000,83942.000000,7037952000.000000,4.950000,0.270000,11.000000,7037952000.000000
2021-05-14,4154.000000,4067.000000,4124.000000,4127.000000,55750.000000,4580294400.000000,2.080000,-1.550000,-65.000000,4580294400.000000
2021-05-17,4328.000000,4142.000000,4150.000000,4248.000000,91531.000000,7789236992.000000,4.530000,3.430000,141.000000,7789236992.000000
2021-05-18,4250.000000,4120.000000,4248.000000,4151.000000,61561.000000,5136650752.000000,3.060000,-2.420000,-103.000000,5136650752.000000
2021-05-19,4180.000000,4050.000000,4168.000000,4087.000000,37242.000000,3059066960.000000,3.120000,-2.040000,-85.000000,3059066960.000000
2021-05-20,4112.000000,4001.000000,4088.000000,4060.000000,49525.000000,4020236384.000000,2.700000,-1.140000,-47.000000,4020236384.000000
2021-05-21,4107.000000,4028.000000,4060.000000,4078.000000,34856.000000,2831244320.000000,1.950000,0.490000,20.000000,2831244320.000000
2021-05-24,4225.000000,4055.000000,4090.000000,4174.000000,113082.000000,9406527232.000000,4.190000,2.780000,113.000000,9406527232.000000
2021-05-25,4195.000000,4112.000000,4174.000000,4136.000000,63780.000000,5302957312.000000,2.000000,-0.550000,-23.000000,5302957312.000000
2021-05-26,4148.000000,4020.000000,4122.000000,4119.000000,75726.000000,6217366528.000000,3.080000,-0.910000,-38.000000,6217366528.000000
2021-05-27,4188.000000,4090.000000,4109.000000,4175.000000,86611.000000,7186056960.000000,2.390000,1.710000,70.000000,7186056960.000000
2021-05-28,4320.000000,4130.000000,4130.000000,4306.000000,130722.000000,11101953024.000000,4.580000,3.810000,158.000000,11101953024.000000
2021-05-31,4396.000000,4302.000000,4306.000000,4392.000000,123279.000000,10737026816.000000,2.210000,3.440000,146.000000,10737026816.000000
2021-06-01,4445.000000,4356.000000,4400.000000,4432.000000,86130.000000,7581257728.000000,2.040000,1.790000,78.000000,7581257728.000000
2021-06-02,4498.000000,4370.000000,4455.000000,4385.000000,67707.000000,6005474304.000000,2.910000,-0.360000,-16.000000,6005474304.000000
2021-06-03,4465.000000,4316.000000,4385.000000,4417.000000,71209.000000,6243851520.000000,3.360000,-0.380000,-17.000000,6243851520.000000
2021-06-04,4396.000000,4290.000000,4386.000000,4353.000000,80098.000000,6933967104.000000,2.420000,-0.710000,-31.000000,6933967104.000000
2021-06-07,4412.000000,4275.000000,4368.000000,4277.000000,62862.000000,5453688576.000000,3.170000,-1.180000,-51.000000,5453688576.000000
2021-06-08,4316.000000,4245.000000,4290.000000,4260.000000,39138.000000,3353823456.000000,1.640000,-1.780000,-77.000000,3353823456.000000
2021-06-09,4350.000000,4247.000000,4260.000000,4342.000000,45021.000000,3872002496.000000,2.400000,1.350000,58.000000,3872002496.000000
2021-06-10,4449.000000,4359.000000,4359.000000,4392.000000,41211.000000,3632429904.000000,2.090000,2.140000,92.000000,3632429904.000000
2021-06-11,4509.000000,4400.000000,4400.000000,4490.000000,63929.000000,5704892672.000000,2.470000,1.880000,83.000000,5704892672.000000
2021-06-15,4578.000000,4447.000000,4562.000000,4537.000000,51070.000000,4605041408.000000,2.940000,1.700000,76.000000,4605041408.000000
2021-06-16,4542.000000,4477.000000,4537.000000,4511.000000,62597.000000,5647021056.000000,1.440000,0.070000,3.000000,5647021056.000000
2021-06-17,4547.000000,4421.000000,4533.000000,4480.000000,77225.000000,6913959680.000000,2.790000,-0.670000,-30.000000,6913959680.000000
2021-06-18,4520.000000,4422.000000,4480.000000,4486.000000,84172.000000,7534501120.000000,2.190000,0.220000,10.000000,7534501120.000000
2021-06-21,4553.000000,4453.000000,4486.000000,4519.000000,74433.000000,6718791168.000000,2.230000,0.980000,44.000000,6718791168.000000
2021-06-22,4599.000000,4480.000000,4516.000000,4595.000000,78797.000000,7173834752.000000,2.640000,1.820000,82.000000,7173834752.000000
2021-06-23,4682.000000,4554.000000,4590.000000,4679.000000,90851.000000,8380998912.000000,2.810000,2.790000,127.000000,8380998912.000000
2021-06-24,4749.000000,4671.000000,4684.000000,4701.000000,72243.000000,6798071040.000000,1.690000,1.930000,89.000000,6798071040.000000
2021-06-25,4868.000000,4662.000000,4688.000000,4856.000000,97013.000000,9296112896.000000,4.380000,3.210000,151.000000,9296112896.000000
2021-06-28,4877.000000,4738.000000,4856.000000,4779.000000,96547.000000,9280135680.000000,2.900000,-0.250000,-12.000000,9280135680.000000
2021-06-29,4795.000000,4706.000000,4780.000000,4744.000000,80144.000000,7607456768.000000,1.850000,-1.290000,-62.000000,7607456768.000000
2021-06-30,4800.000000,4720.000000,4760.000000,4752.000000,82098.000000,7807182848.000000,1.690000,0.130000,6.000000,7807182848.000000
2021-07-01,4844.000000,4761.000000,4770.000000,4833.000000,88219.000000,8485851904.000000,1.750000,1.660000,79.000000,8485851904.000000
2021-07-02,4966.000000,4852.000000,4874.000000,4943.000000,91527.000000,8983051520.000000,2.370000,2.790000,134.000000,8983051520.000000
2021-07-05,4998.000000,4900.000000,4943.000000,4988.000000,67413.000000,6675588352.000000,2.000000,1.650000,81.000000,6675588352.000000
2021-07-06,5093.000000,4947.000000,4994.000000,5087.000000,87358.000000,8785113088.000000,2.950000,2.750000,136.000000,8785113088.000000
2021-07-07,5074.000000,4924.000000,5074.000000,4978.000000,95994.000000,9582650368.000000,2.980000,-0.990000,-50.000000,9582650368.000000
2021-07-08,4996.000000,4842.000000,4978.000000,4865.000000,89646.000000,8807788032.000000,3.090000,-2.520000,-126.000000,8807788032.000000
2021-07-09,4898.000000,4741.000000,4777.000000,4834.000000,68446.000000,6628882432.000000,3.200000,-1.590000,-78.000000,6628882432.000000
2021-07-12,4964.000000,4807.000000,4870.000000,4842.000000,56234.000000,5499427072.000000,3.240000,0.000000,0.000000,5499427072.000000
2021-07-13,4945.000000,4830.000000,4840.000000,4942.000000,37614.000000,3688295776.000000,2.350000,1.080000,53.000000,3688295776.000000
2021-07-14,5012.000000,4893.000000,4893.000000,4970.000000,49292.000000,4881163008.000000,2.430000,1.390000,68.000000,4881163008.000000
2021-07-15,5009.000000,4816.000000,5009.000000,4825.000000,36848.000000,3595710096.000000,3.900000,-2.540000,-126.000000,3595710096.000000
2021-07-16,4882.000000,4781.000000,4819.000000,4831.000000,75002.000000,7247067648.000000,2.070000,-0.980000,-48.000000,7247067648.000000
2021-07-19,5059.000000,4847.000000,4860.000000,5039.000000,122106.000000,12081800192.000000,4.390000,4.310000,208.000000,12081800192.000000
2021-07-20,4970.000000,4715.000000,4952.000000,4822.000000,148976.000000,14342725120.000000,5.150000,-2.530000,-125.000000,14342725120.000000
2021-07-21,4869.000000,4781.000000,4800.000000,4804.000000,90766.000000,8759860736.000000,1.830000,-0.190000,-9.000000,8759860736.000000
2021-07-22,4978.000000,4827.000000,4827.000000,4963.000000,84467.000000,8294457088.000000,3.130000,2.860000,138.000000,8294457088.000000
2021-07-23,5007.000000,4942.000000,4963.000000,4968.000000,60936.000000,6059862272.000000,1.320000,1.200000,59.000000,6059862272.000000
2021-07-26,5047.000000,4918.000000,4946.000000,4963.000000,90800.000000,9018377216.000000,2.590000,-0.180000,-9.000000,9018377216.000000
2021-07-27,5030.000000,4922.000000,4977.000000,4949.000000,79662.000000,7931748864.000000,2.170000,-0.340000,-17.000000,7931748864.000000
2021-07-28,4949.000000,4836.000000,4949.000000,4920.000000,79961.000000,7841590784.000000,2.270000,-1.170000,-58.000000,7841590784.000000
2021-07-29,5005.000000,4884.000000,4920.000000,5002.000000,77760.000000,7690254080.000000,2.470000,2.020000,99.000000,7690254080.000000
2021-07-30,5148.000000,4966.000000,5020.000000,5145.000000,112871.000000,11401786624.000000,3.680000,4.070000,201.000000,11401786624.000000
2021-08-02,5192.000000,5028.000000,5145.000000,5116.000000,120109.000000,12295440384.000000,3.250000,1.310000,66.000000,12295440384.000000
2021-08-03,5137.000000,5032.000000,5128.000000,5032.000000,79280.000000,8050981632.000000,2.050000,-1.680000,-86.000000,8050981632.000000
2021-08-04,5018.000000,4925.000000,4984.000000,4987.000000,83576.000000,8318226688.000000,1.830000,-1.770000,-90.000000,8318226688.000000
2021-08-05,4980.000000,4862.000000,4977.000000,4900.000000,80339.000000,7927629568.000000,2.370000,-1.530000,-76.000000,7927629568.000000
2021-08-06,4998.000000,4892.000000,4911.000000,4985.000000,55362.000000,5469589504.000000,2.150000,1.050000,52.000000,5469589504.000000
2021-08-09,5038.000000,4914.000000,4993.000000,4989.000000,58183.000000,5796339456.000000,2.510000,1.010000,50.000000,5796339456.000000
2021-08-10,5135.000000,4918.000000,4976.000000,5122.000000,64372.000000,6476935680.000000,4.360000,2.830000,141.000000,6476935680.000000
2021-08-11,5262.000000,5102.000000,5122.000000,5255.000000,70111.000000,7283335168.000000,3.180000,4.470000,225.000000,7283335168.000000
2021-08-12,5313.000000,5197.000000,5220.000000,5217.000000,59015.000000,6196411392.000000,2.230000,0.440000,23.000000,6196411392.000000
2021-08-13,5259.000000,5150.000000,5197.000000,5208.000000,46400.000000,4821553408.000000,2.080000,-0.780000,-41.000000,4821553408.000000
2021-08-16,5247.000000,5132.000000,5218.000000,5161.000000,36981.000000,3835047968.000000,2.210000,-0.650000,-34.000000,3835047968.000000
2021-08-17,5179.000000,5056.000000,5144.000000,5110.000000,59045.000000,6048500736.000000,2.370000,-1.450000,-75.000000,6048500736.000000
2021-08-18,5184.000000,5073.000000,5110.000000,5154.000000,69867.000000,7179202816.000000,2.170000,0.640000,33.000000,7179202816.000000
2021-08-19,5198.000000,5021.000000,5170.000000,5040.000000,87343.000000,8903271168.000000,3.450000,-1.890000,-97.000000,8903271168.000000
2021-08-20,5030.000000,4911.000000,5017.000000,4942.000000,82270.000000,8160603648.000000,2.340000,-3.020000,-154.000000,8160603648.000000
2021-08-23,4999.000000,4856.000000,4896.000000,4939.000000,81013.000000,7990530304.000000,2.880000,-0.400000,-20.000000,7990530304.000000
2021-08-24,5044.000000,4933.000000,4956.000000,4970.000000,75734.000000,7554755840.000000,2.250000,0.790000,39.000000,7554755840.000000
2021-08-25,5016.000000,4927.000000,4985.000000,4936.000000,66799.000000,6644604160.000000,1.780000,-1.020000,-51.000000,6644604160.000000
2021-08-26,5027.000000,4921.000000,4950.000000,5015.000000,76986.000000,7674492672.000000,2.130000,0.840000,42.000000,7674492672.000000
2021-08-27,5155.000000,4961.000000,5015.000000,5136.000000,116363.000000,11786075648.000000,3.890000,3.050000,152.000000,11786075648.000000
2021-08-30,5189.000000,5089.000000,5160.000000,5130.000000,75663.000000,7770029824.000000,1.970000,1.300000,66.000000,7770029824.000000
2021-08-31,5156.000000,5056.000000,5138.000000,5091.000000,67733.000000,6890398464.000000,1.950000,-0.840000,-43.000000,6890398464.000000
2021-09-01,5144.000000,5039.000000,5083.000000,5124.000000,77022.000000,7841230336.000000,2.060000,0.750000,38.000000,7841230336.000000
2021-09-02,5210.000000,5071.000000,5119.000000,5202.000000,80862.000000,8310220032.000000,2.730000,2.200000,112.000000,8310220032.000000
2021-09-03,5340.000000,5175.000000,5222.000000,5332.000000,90974.000000,9542155264.000000,3.210000,3.780000,194.000000,9542155264.000000
2021-09-06,5355.000000,5166.000000,5344.000000,5231.000000,86720.000000,9079604224.000000,3.600000,-0.250000,-13.000000,9079604224.000000
2021-09-07,5322.000000,5207.000000,5241.000000,5289.000000,75422.000000,7924422400.000000,2.200000,1.030000,54.000000,7924422400.000000
2021-09-08,5375.000000,5201.000000,5259.000000,5353.000000,68122.000000,7176961280.000000,3.310000,1.900000,100.000000,7176961280.000000
2021-09-09,5555.000000,5321.000000,5360.000000,5405.000000,105601.000000,11460310016.000000,4.440000,2.620000,138.000000,11460310016.000000
2021-09-10,5491.000000,5288.000000,5337.000000,5306.000000,77653.000000,8389402112.000000,3.740000,-2.210000,-120.000000,8389402112.000000
2021-09-13,5483.000000,5303.000000,5320.000000,5402.000000,63243.000000,6833417472.000000,3.330000,0.020000,1.000000,6833417472.000000
2021-09-14,5504.000000,5367.000000,5426.000000,5401.000000,82761.000000,9000856832.000000,2.540000,-0.020000,-1.000000,9000856832.000000
2021-09-15,5581.000000,5368.000000,5448.000000,5550.000000,73599.000000,8053958400.000000,3.920000,2.080000,113.000000,8053958400.000000
2021-09-16,5919.000000,5580.000000,5588.000000,5675.000000,195488.000000,22508052224.000000,6.200000,3.730000,204.000000,22508052224.000000
2021-09-17,5775.000000,5609.000000,5645.000000,5705.000000,136050.000000,15522779136.000000,2.880000,-0.890000,-51.000000,15522779136.000000
2021-09-22,5895.000000,5500.000000,5600.000000,5724.000000,135077.000000,15558211840.000000,6.920000,0.350000,20.000000,15558211840.000000
2021-09-23,5938.000000,5680.000000,5724.000000,5760.000000,171643.000000,19929937152.000000,4.480000,0.020000,1.000000,19929937152.000000
2021-09-24,5860.000000,5657.000000,5782.000000,5762.000000,155890.000000,17987761408.000000,3.500000,-0.740000,-43.000000,17987761408.000000
2021-09-27,6016.000000,5733.000000,5790.000000,5901.000000,195385.000000,22955334656.000000,4.910000,2.290000,132.000000,22955334656.000000
2021-09-28,6260.000000,5880.000000,5963.000000,6250.000000,234972.000000,28414323968.000000,6.470000,6.400000,376.000000,28414323968.000000
2021-09-29,6305.000000,6039.000000,6229.000000,6085.000000,244944.000000,30239141888.000000,4.400000,0.650000,39.000000,30239141888.000000
2021-09-30,6266.000000,6078.000000,6149.000000,6234.000000,147480.000000,18177031936.000000,3.050000,1.000000,62.000000,18177031936.000000
2021-10-08,6657.000000,6338.000000,6450.000000,6482.000000,112757.000000,14614155264.000000,5.180000,5.190000,320.000000,14614155264.000000
2021-10-11,6803.000000,6430.000000,6482.000000,6755.000000,162007.000000,21498970112.000000,5.760000,4.240000,275.000000,21498970112.000000
2021-10-12,6836.000000,6628.000000,6715.000000,6713.000000,159172.000000,21432093440.000000,3.130000,1.180000,78.000000,21432093440.000000
2021-10-13,6737.000000,6194.000000,6686.000000,6249.000000,214030.000000,27628056064.000000,8.070000,-7.170000,-483.000000,27628056064.000000
2021-10-14,6388.000000,6032.000000,6295.000000,6268.000000,179690.000000,22316883456.000000,5.520000,-2.880000,-186.000000,22316883456.000000
2021-10-15,6443.000000,6228.000000,6268.000000,6425.000000,154322.000000,19545854464.000000,3.460000,3.480000,216.000000,19545854464.000000
2021-10-18,6697.000000,6303.000000,6420.000000,6527.000000,137573.000000,17815437568.000000,6.220000,3.080000,195.000000,17815437568.000000
2021-10-19,6592.000000,6361.000000,6589.000000,6515.000000,141969.000000,18418011648.000000,3.570000,0.630000,41.000000,18418011648.000000
2021-10-20,6508.000000,5974.000000,6462.000000,6215.000000,257255.000000,32130070784.000000,8.230000,-4.180000,-271.000000,32130070784.000000
2021-10-21,6520.000000,6170.000000,6215.000000,6266.000000,196695.000000,25021184000.000000,5.610000,0.350000,22.000000,25021184000.000000
2021-10-22,6292.000000,5966.000000,6200.000000,6119.000000,268078.000000,32994394880.000000,5.130000,-3.790000,-241.000000,32994394880.000000
2021-10-25,6260.000000,5908.000000,6230.000000,6077.000000,270071.000000,32841602304.000000,5.720000,-1.240000,-76.000000,32841602304.000000
2021-10-26,6155.000000,5777.000000,6130.000000,5898.000000,243037.000000,29037476864.000000,6.220000,-2.990000,-182.000000,29037476864.000000
2021-10-27,5945.000000,5560.000000,5908.000000,5595.000000,237205.000000,27217672960.000000,6.450000,-6.330000,-378.000000,27217672960.000000
2021-10-28,5649.000000,5322.000000,5622.000000,5464.000000,257380.000000,28425120256.000000,5.700000,-4.760000,-273.000000,28425120256.000000
2021-10-29,5491.000000,5347.000000,5450.000000,5442.000000,167899.000000,18226614016.000000,2.610000,-1.450000,-80.000000,18226614016.000000
2021-11-01,5592.000000,5139.000000,5387.000000,5479.000000,237715.000000,25495650048.000000,8.350000,0.960000,52.000000,25495650048.000000
2021-11-02,5576.000000,5323.000000,5510.000000,5357.000000,164112.000000,17879164416.000000,4.720000,-0.090000,-5.000000,17879164416.000000
2021-11-03,5409.000000,5021.000000,5355.000000,5109.000000,238419.000000,24654747648.000000,7.120000,-6.210000,-338.000000,24654747648.000000
2021-11-04,5131.000000,4833.000000,5030.000000,4904.000000,245292.000000,24470390016.000000,5.760000,-5.150000,-266.000000,24470390016.000000
2021-11-05,5124.000000,4830.000000,4955.000000,4897.000000,176652.000000,17516538368.000000,5.890000,-1.820000,-91.000000,17516538368.000000
2021-11-08,5148.000000,4840.000000,4898.000000,4982.000000,159237.000000,15830200832.000000,6.210000,0.500000,25.000000,15830200832.000000
2021-11-09,5054.000000,4815.000000,4982.000000,4878.000000,111033.000000,10980321280.000000,4.810000,-1.850000,-92.000000,10980321280.000000
2021-11-10,4918.000000,4694.000000,4850.000000,4785.000000,131276.000000,12629111808.000000,4.530000,-3.220000,-159.000000,12629111808.000000
2021-11-11,4939.000000,4720.000000,4764.000000,4825.000000,151328.000000,14582907136.000000,4.550000,0.310000,15.000000,14582907136.000000
2021-11-12,4908.000000,4739.000000,4800.000000,4783.000000,118904.000000,11469326080.000000,3.510000,-0.730000,-35.000000,11469326080.000000
2021-11-15,4774.000000,4578.000000,4740.000000,4612.000000,131766.000000,12283471616.000000,4.060000,-4.360000,-210.000000,12283471616.000000
2021-11-16,4728.000000,4553.000000,4598.000000,4718.000000,101898.000000,9507584000.000000,3.750000,1.220000,57.000000,9507584000.000000
2021-11-17,4924.000000,4679.000000,4718.000000,4915.000000,125454.000000,12028020224.000000,5.250000,5.360000,250.000000,12028020224.000000
2021-11-18,4994.000000,4845.000000,4920.000000,4875.000000,109239.000000,10755217408.000000,3.110000,1.710000,82.000000,10755217408.000000
2021-11-19,5069.000000,4824.000000,4900.000000,5022.000000,84675.000000,8378209024.000000,4.980000,2.030000,100.000000,8378209024.000000
2021-11-22,5039.000000,4830.000000,4900.000000,4930.000000,61466.000000,6104810496.000000,4.220000,-0.340000,-17.000000,6104810496.000000
2021-11-23,4765.000000,4515.000000,4750.000000,4529.000000,127703.000000,11890476288.000000,5.030000,-8.800000,-437.000000,11890476288.000000
2021-11-24,4734.000000,4523.000000,4537.000000,4729.000000,142827.000000,13130470144.000000,4.530000,1.590000,74.000000,13130470144.000000
2021-11-25,4847.000000,4722.000000,4722.000000,4801.000000,138565.000000,13255286528.000000,2.720000,4.460000,205.000000,13255286528.000000
2021-11-26,4819.000000,4556.000000,4809.000000,4590.000000,134711.000000,12612216832.000000,5.500000,-4.040000,-193.000000,12612216832.000000
2021-11-29,4680.000000,4490.000000,4500.000000,4615.000000,143229.000000,13183712512.000000,4.060000,-1.410000,-66.000000,13183712512.000000
2021-11-30,4643.000000,4305.000000,4615.000000,4318.000000,198796.000000,17807120640.000000,7.340000,-6.170000,-284.000000,17807120640.000000
2021-12-01,4379.000000,4260.000000,4322.000000,4302.000000,147194.000000,12713913344.000000,2.660000,-3.930000,-176.000000,12713913344.000000
2021-12-02,4341.000000,4225.000000,4312.000000,4276.000000,155874.000000,13360874752.000000,2.690000,-0.970000,-42.000000,13360874752.000000
2021-12-03,4252.000000,4103.000000,4250.000000,4155.000000,170042.000000,14172118272.000000,3.480000,-3.030000,-130.000000,14172118272.000000
2021-12-06,4428.000000,4118.000000,4171.000000,4393.000000,202152.000000,17134397440.000000,7.440000,5.420000,226.000000,17134397440.000000
2021-12-07,4483.000000,4374.000000,4397.000000,4475.000000,167186.000000,14789920256.000000,2.570000,5.620000,238.000000,14789920256.000000
2021-12-08,4620.000000,4426.000000,4520.000000,4550.000000,162985.000000,14786402816.000000,4.390000,2.870000,127.000000,14786402816.000000
2021-12-09,4565.000000,4354.000000,4550.000000,4365.000000,147661.000000,13163435008.000000,4.650000,-3.770000,-171.000000,13163435008.000000
2021-12-10,4413.000000,4277.000000,4315.000000,4325.000000,109493.000000,9524316416.000000,3.050000,-2.960000,-132.000000,9524316416.000000
2021-12-13,4539.000000,4384.000000,4400.000000,4441.000000,133758.000000,11906966272.000000,3.560000,2.120000,92.000000,11906966272.000000
2021-12-14,4497.000000,4353.000000,4420.000000,4407.000000,104009.000000,9209612032.000000,3.240000,-0.970000,-43.000000,9209612032.000000
2021-12-15,4453.000000,4342.000000,4407.000000,4373.000000,80920.000000,7119575040.000000,2.510000,-1.220000,-54.000000,7119575040.000000
2021-12-16,4484.000000,4373.000000,4373.000000,4456.000000,59629.000000,5286615552.000000,2.520000,1.300000,57.000000,5286615552.000000
2021-12-17,4477.000000,4286.000000,4299.000000,4291.000000,177611.000000,15541446912.000000,4.310000,-3.180000,-141.000000,15541446912.000000
2021-12-20,4341.000000,4161.000000,4280.000000,4175.000000,170851.000000,14529372672.000000,4.110000,-4.570000,-200.000000,14529372672.000000
2021-12-21,4319.000000,4144.000000,4160.000000,4309.000000,113538.000000,9632519168.000000,4.120000,1.340000,57.000000,9632519168.000000
2021-12-22,4398.000000,4266.000000,4325.000000,4268.000000,143830.000000,12474893312.000000,3.110000,0.640000,27.000000,12474893312.000000
2021-12-23,4456.000000,4250.000000,4270.000000,4441.000000,162149.000000,14175936512.000000,4.750000,2.420000,105.000000,14175936512.000000
2021-12-24,4560.000000,4407.000000,4448.000000,4558.000000,173120.000000,15447165952.000000,3.500000,4.280000,187.000000,15447165952.000000
2021-12-27,4640.000000,4427.000000,4560.000000,4492.000000,232556.000000,21085725184.000000,4.770000,0.690000,31.000000,21085725184.000000
2021-12-28,4654.000000,4474.000000,4495.000000,4635.000000,183106.000000,16746350592.000000,3.970000,2.250000,102.000000,16746350592.000000
2021-12-29,4709.000000,4575.000000,4650.000000,4614.000000,169652.000000,15733956352.000000,2.930000,0.920000,42.000000,15733956352.000000
2021-12-30,4647.000000,4506.000000,4614.000000,4531.000000,181686.000000,16633691648.000000,3.040000,-2.290000,-106.000000,16633691648.000000
2021-12-31,4752.000000,4511.000000,4531.000000,4748.000000,224645.000000,20834813952.000000,5.270000,3.740000,171.000000,20834813952.000000
2022-01-04,4889.000000,4717.000000,4750.000000,4875.000000,124271.000000,11977673728.000000,3.710000,5.130000,238.000000,11977673728.000000
2022-01-05,4945.000000,4848.000000,4876.000000,4932.000000,163049.000000,15993645824.000000,2.010000,2.340000,113.000000,15993645824.000000
2022-01-06,4986.000000,4832.000000,4940.000000,4900.000000,191408.000000,18725145088.000000,3.140000,-0.080000,-4.000000,18725145088.000000
2022-01-07,5129.000000,4903.000000,4930.000000,5110.000000,218197.000000,21864907776.000000,4.620000,4.480000,219.000000,21864907776.000000
2022-01-10,5119.000000,4967.000000,5110.000000,5037.000000,178485.000000,17979547392.000000,3.030000,0.540000,27.000000,17979547392.000000
2022-01-11,5025.000000,4905.000000,5020.000000,4975.000000,183263.000000,18205195776.000000,2.380000,-1.210000,-61.000000,18205195776.000000
2022-01-12,5040.000000,4862.000000,4998.000000,4881.000000,202430.000000,20040510720.000000,3.580000,-1.710000,-85.000000,20040510720.000000
2022-01-13,4985.000000,4757.000000,4889.000000,4776.000000,245631.000000,24005083904.000000,4.610000,-3.500000,-173.000000,24005083904.000000
2022-01-14,4822.000000,4692.000000,4769.000000,4783.000000,169213.000000,16093904128.000000,2.660000,-2.110000,-103.000000,16093904128.000000
2022-01-17,4801.000000,4589.000000,4780.000000,4641.000000,181214.000000,16919095296.000000,4.460000,-2.400000,-114.000000,16919095296.000000
2022-01-18,4741.000000,4611.000000,4632.000000,4674.000000,159808.000000,14936541952.000000,2.780000,0.130000,6.000000,14936541952.000000
2022-01-19,4777.000000,4637.000000,4665.000000,4658.000000,181479.000000,17088789760.000000,3.000000,-0.320000,-15.000000,17088789760.000000
2022-01-20,4818.000000,4576.000000,4650.000000,4801.000000,173624.000000,16234667008.000000,5.140000,1.980000,93.000000,16234667008.000000
2022-01-21,4880.000000,4731.000000,4810.000000,4820.000000,130322.000000,12540483840.000000,3.190000,3.100000,145.000000,12540483840.000000
2022-01-24,4805.000000,4510.000000,4739.000000,4515.000000,255392.000000,23944918016.000000,6.130000,-6.150000,-296.000000,23944918016.000000
2022-01-25,4530.000000,4356.000000,4502.000000,4410.000000,229181.000000,20338810368.000000,3.710000,-5.910000,-277.000000,20338810368.000000
2022-01-26,4457.000000,4385.000000,4401.000000,4423.000000,168033.000000,14847277824.000000,1.620000,-0.320000,-14.000000,14847277824.000000
2022-01-27,4564.000000,4422.000000,4438.000000,4530.000000,180747.000000,16236659968.000000,3.210000,2.560000,113.000000,16236659968.000000
2022-01-28,4728.000000,4553.000000,4553.000000,4690.000000,193336.000000,18021726464.000000,3.900000,4.430000,199.000000,18021726464.000000
2022-02-07,5126.000000,4800.000000,4800.000000,5126.000000,123968.000000,12381509632.000000,7.000000,10.000000,466.000000,12381509632.000000
2022-02-08,5178.000000,5083.000000,5142.000000,5161.000000,171907.000000,17642563072.000000,1.900000,3.360000,168.000000,17642563072.000000
2022-02-09,5143.000000,4988.000000,5100.000000,5076.000000,185338.000000,18751877632.000000,3.020000,-1.070000,-55.000000,18751877632.000000
2022-02-10,5134.000000,4933.000000,5077.000000,5064.000000,223649.000000,22514062848.000000,3.970000,0.120000,6.000000,22514062848.000000
2022-02-11,5176.000000,4964.000000,5093.000000,4974.000000,240971.000000,24465605120.000000,4.210000,-1.170000,-59.000000,24465605120.000000
2022-02-14,5447.000000,4938.000000,5001.000000,5030.000000,259432.000000,26375541248.000000,10.030000,-0.910000,-46.000000,26375541248.000000
2022-02-15,5057.000000,4884.000000,4990.000000,5039.000000,190607.000000,18927654656.000000,3.400000,-0.870000,-44.000000,18927654656.000000
2022-02-16,5023.000000,4845.000000,4980.000000,5005.000000,178155.000000,17533147648.000000,3.590000,0.810000,40.000000,17533147648.000000
2022-02-17,5081.000000,4842.000000,5036.000000,5025.000000,155727.000000,15556813312.000000,4.860000,2.130000,105.000000,15556813312.000000
2022-02-18,5066.000000,4952.000000,5003.000000,4971.000000,132623.000000,13256532736.000000,2.280000,-0.460000,-23.000000,13256532736.000000
2022-02-21,4930.000000,4772.000000,4929.000000,4808.000000,129300.000000,12539114752.000000,3.160000,-3.780000,-189.000000,12539114752.000000
2022-02-22,5011.000000,4807.000000,4808.000000,4969.000000,113477.000000,11199266048.000000,4.210000,2.500000,121.000000,11199266048.000000
2022-02-23,5052.000000,4905.000000,4980.000000,4961.000000,76873.000000,7670409984.000000,2.980000,0.550000,27.000000,7670409984.000000
2022-02-24,6268.000000,5770.000000,5838.000000,6230.000000,234707.000000,28327700992.000000,9.980000,24.870000,1241.000000,28327700992.000000
2022-02-25,6376.000000,6115.000000,6350.000000,6246.000000,259993.000000,32367267584.000000,4.330000,3.510000,212.000000,32367267584.000000
2022-02-28,6671.000000,6025.000000,6180.000000,6210.000000,242384.000000,29915820544.000000,10.380000,-0.220000,-14.000000,29915820544.000000
2022-03-01,6219.000000,6048.000000,6178.000000,6157.000000,160691.000000,19715855104.000000,2.770000,-0.230000,-14.000000,19715855104.000000
2022-03-02,6564.000000,6208.000000,6305.000000,6526.000000,229448.000000,29339749120.000000,5.800000,6.390000,392.000000,29339749120.000000
2022-03-03,6825.000000,6534.000000,6560.000000,6767.000000,223790.000000,29953554944.000000,4.550000,5.850000,374.000000,29953554944.000000
2022-03-04,6757.000000,6409.000000,6659.000000,6492.000000,238637.000000,31324384000.000000,5.200000,-2.990000,-200.000000,31324384000.000000
2022-03-07,7017.000000,6513.000000,6550.000000,6979.000000,196960.000000,26725784832.000000,7.680000,6.340000,416.000000,26725784832.000000
2022-03-08,6946.000000,6570.000000,6935.000000,6892.000000,223509.000000,30246771712.000000,5.540000,1.590000,108.000000,30246771712.000000
2022-03-09,6992.000000,6736.000000,6856.000000,6905.000000,169690.000000,23385470208.000000,3.780000,2.050000,139.000000,23385470208.000000
2022-03-10,6735.000000,6339.000000,6700.000000,6417.000000,179058.000000,23415711744.000000,5.750000,-6.870000,-473.000000,23415711744.000000
2022-03-11,6646.000000,6274.000000,6475.000000,6435.000000,163735.000000,21204804096.000000,5.690000,-1.580000,-103.000000,21204804096.000000
2022-03-14,6431.000000,6074.000000,6390.000000,6077.000000,107663.000000,13448488960.000000,5.510000,-6.150000,-398.000000,13448488960.000000
2022-03-15,6097.000000,5786.000000,6024.000000,5844.000000,114695.000000,13611342080.000000,4.980000,-6.420000,-401.000000,13611342080.000000
2022-03-16,5961.000000,5760.000000,5794.000000,5937.000000,107082.000000,12544225792.000000,3.390000,0.070000,4.000000,12544225792.000000
2022-03-17,5990.000000,5808.000000,5946.000000,5900.000000,90413.000000,10668433152.000000,3.110000,0.730000,43.000000,10668433152.000000
2022-03-18,6218.000000,6008.000000,6031.000000,6189.000000,85940.000000,10496753408.000000,3.560000,4.920000,290.000000,10496753408.000000
2022-03-21,6265.000000,6003.000000,6081.000000,6233.000000,68380.000000,8398833152.000000,4.290000,2.060000,126.000000,8398833152.000000
2022-03-22,6266.000000,5939.000000,5966.000000,6226.000000,114141.000000,13957747200.000000,5.320000,1.380000,85.000000,13957747200.000000
2022-03-23,6200.000000,6092.000000,6199.000000,6163.000000,94687.000000,11642013440.000000,1.770000,0.800000,49.000000,11642013440.000000
2022-03-24,6478.000000,6173.000000,6277.000000,6194.000000,137920.000000,17467149056.000000,4.960000,0.760000,47.000000,17467149056.000000
2022-03-25,6378.000000,6195.000000,6232.000000,6359.000000,129796.000000,16333794304.000000,2.890000,0.430000,27.000000,16333794304.000000
2022-03-28,6351.000000,6130.000000,6259.000000,6146.000000,145876.000000,18225670400.000000,3.510000,-2.320000,-146.000000,18225670400.000000
2022-03-29,6205.000000,6054.000000,6111.000000,6170.000000,113547.000000,13892871936.000000,2.420000,-1.220000,-76.000000,13892871936.000000
2022-03-30,6170.000000,5916.000000,6000.000000,6168.000000,135784.000000,16378481920.000000,4.150000,0.830000,51.000000,16378481920.000000
2022-03-31,6313.000000,6088.000000,6190.000000,6166.000000,139131.000000,17264837376.000000,3.730000,2.240000,135.000000,17264837376.000000
2022-04-01,6204.000000,5860.000000,6130.000000,5876.000000,145879.000000,17593528320.000000,5.540000,-5.290000,-328.000000,17593528320.000000
2022-04-06,6041.000000,5894.000000,5920.000000,5948.000000,74302.000000,8869194752.000000,2.440000,-1.360000,-82.000000,8869194752.000000
2022-04-07,5992.000000,5696.000000,5960.000000,5821.000000,113800.000000,13308685568.000000,4.960000,-2.460000,-147.000000,13308685568.000000
2022-04-08,5821.000000,5624.000000,5800.000000,5694.000000,101860.000000,11639815424.000000,3.370000,-2.620000,-153.000000,11639815424.000000
2022-04-11,5854.000000,5667.000000,5716.000000,5804.000000,110362.000000,12697591552.000000,3.270000,1.590000,91.000000,12697591552.000000
2022-04-12,5953.000000,5648.000000,5740.000000,5924.000000,107609.000000,12435288320.000000,5.300000,2.990000,172.000000,12435288320.000000
2022-04-13,6016.000000,5908.000000,5971.000000,5946.000000,95951.000000,11441158400.000000,1.870000,2.930000,169.000000,11441158400.000000
2022-04-14,6195.000000,6001.000000,6002.000000,6152.000000,104283.000000,12714134016.000000,3.250000,3.200000,191.000000,12714134016.000000
2022-04-15,6309.000000,6082.000000,6140.000000,6252.000000,87500.000000,10854976512.000000,3.720000,2.580000,157.000000,10854976512.000000
2022-04-18,6380.000000,6143.000000,6240.000000,6349.000000,95123.000000,11951357440.000000,3.820000,2.370000,147.000000,11951357440.000000
2022-04-19,6391.000000,6174.000000,6366.000000,6219.000000,83895.000000,10579151104.000000,3.450000,-1.000000,-63.000000,10579151104.000000
2022-04-20,6245.000000,6050.000000,6150.000000,6185.000000,69686.000000,8558038272.000000,3.090000,-1.890000,-119.000000,8558038272.000000
2022-04-21,6250.000000,6091.000000,6139.000000,6244.000000,112588.000000,13888567552.000000,2.590000,1.690000,104.000000,13888567552.000000
2022-04-22,6244.000000,5988.000000,6244.000000,6020.000000,139781.000000,17114025984.000000,4.150000,-2.380000,-147.000000,17114025984.000000
2022-04-25,6049.000000,5761.000000,6030.000000,5799.000000,140726.000000,16599758848.000000,4.710000,-5.260000,-322.000000,16599758848.000000
2022-04-26,5986.000000,5735.000000,5767.000000,5906.000000,137246.000000,16090620928.000000,4.260000,0.150000,9.000000,16090620928.000000
2022-04-27,6207.000000,5925.000000,5926.000000,6161.000000,152639.000000,18587545600.000000,4.810000,5.120000,300.000000,18587545600.000000
2022-04-28,6134.000000,5928.000000,6107.000000,6006.000000,170004.000000,20443864832.000000,3.380000,-1.350000,-82.000000,20443864832.000000
2022-04-29,6234.000000,5965.000000,6006.000000,6118.000000,164888.000000,20037043456.000000,4.470000,1.760000,106.000000,20037043456.000000
2022-05-05,6311.000000,6176.000000,6216.000000,6245.000000,79077.000000,9896124672.000000,2.220000,2.800000,170.000000,9896124672.000000
2022-05-06,6340.000000,6120.000000,6285.000000,6182.000000,136144.000000,16954938880.000000,3.520000,-1.200000,-75.000000,16954938880.000000
2022-05-09,6184.000000,5975.000000,6182.000000,6112.000000,162947.000000,19860568576.000000,3.360000,-1.830000,-114.000000,19860568576.000000
2022-05-10,6127.000000,5901.000000,6051.000000,5955.000000,167864.000000,20205638912.000000,3.710000,-2.280000,-139.000000,20205638912.000000
2022-05-11,6181.000000,5904.000000,5990.000000,6180.000000,150768.000000,18184039168.000000,4.600000,2.690000,162.000000,18184039168.000000
2022-05-12,6248.000000,6097.000000,6200.000000,6126.000000,145333.000000,17971071744.000000,2.500000,1.590000,96.000000,17971071744.000000
2022-05-13,6265.000000,6113.000000,6147.000000,6183.000000,121996.000000,15093851904.000000,2.460000,0.020000,1.000000,15093851904.000000
2022-05-16,6276.000000,6023.000000,6220.000000,6029.000000,141247.000000,17437511680.000000,4.090000,-2.540000,-157.000000,17437511680.000000
2022-05-17,6312.000000,6050.000000,6050.000000,6283.000000,125689.000000,15628100352.000000,4.240000,1.800000,111.000000,15628100352.000000
2022-05-18,6331.000000,6014.000000,6283.000000,6044.000000,134997.000000,16643508480.000000,5.100000,-2.770000,-172.000000,16643508480.000000
2022-05-19,6129.000000,5957.000000,6089.000000,6088.000000,121798.000000,14750259456.000000,2.790000,-1.230000,-76.000000,14750259456.000000
2022-05-20,6092.000000,5915.000000,6000.000000,5967.000000,137987.000000,16573417984.000000,2.920000,-1.450000,-88.000000,16573417984.000000
2022-05-23,6074.000000,5946.000000,5978.000000,5961.000000,97879.000000,11758857984.000000,2.130000,-0.730000,-44.000000,11758857984.000000
2022-05-24,5985.000000,5811.000000,5962.000000,5872.000000,106227.000000,12482045184.000000,2.900000,-2.230000,-134.000000,12482045184.000000
2022-05-25,5936.000000,5800.000000,5936.000000,5892.000000,56530.000000,6654205952.000000,2.310000,0.290000,17.000000,6654205952.000000
2022-05-26,6064.000000,5826.000000,5846.000000,6059.000000,149043.000000,17707400704.000000,4.040000,2.960000,174.000000,17707400704.000000
2022-05-27,6204.000000,6022.000000,6068.000000,6181.000000,122359.000000,14997595136.000000,3.060000,4.060000,241.000000,14997595136.000000
2022-05-30,6250.000000,6111.000000,6166.000000,6182.000000,109896.000000,13565296384.000000,2.270000,0.880000,54.000000,13565296384.000000
2022-05-31,6266.000000,6125.000000,6170.000000,6230.000000,101762.000000,12626798336.000000,2.280000,0.960000,59.000000,12626798336.000000
2022-06-01,6235.000000,5975.000000,6208.000000,6000.000000,132682.000000,16161969152.000000,4.190000,-3.290000,-204.000000,16161969152.000000
2022-06-02,6054.000000,5760.000000,6015.000000,5831.000000,151670.000000,17965485568.000000,4.830000,-4.250000,-259.000000,17965485568.000000
2022-06-06,6030.000000,5923.000000,5980.000000,5953.000000,81446.000000,9718976768.000000,1.810000,0.520000,31.000000,9718976768.000000
2022-06-07,6045.000000,5923.000000,5932.000000,5976.000000,121019.000000,14512761856.000000,2.040000,0.170000,10.000000,14512761856.000000
2022-06-08,6052.000000,5905.000000,5964.000000,5956.000000,131908.000000,15743083776.000000,2.450000,-0.670000,-40.000000,15743083776.000000
2022-06-09,6030.000000,5869.000000,5970.000000,5903.000000,148340.000000,17645821184.000000,2.700000,-1.070000,-64.000000,17645821184.000000
2022-06-10,5935.000000,5797.000000,5910.000000,5886.000000,119248.000000,14007471616.000000,2.320000,-1.030000,-61.000000,14007471616.000000
2022-06-13,5893.000000,5704.000000,5888.000000,5733.000000,122132.000000,14131303936.000000,3.220000,-2.380000,-140.000000,14131303936.000000
2022-06-14,5774.000000,5675.000000,5735.000000,5737.000000,103424.000000,11853535232.000000,1.710000,-0.830000,-48.000000,11853535232.000000
2022-06-15,5771.000000,5519.000000,5754.000000,5562.000000,125507.000000,14155008768.000000,4.400000,-2.930000,-168.000000,14155008768.000000
2022-06-16,5794.000000,5544.000000,5562.000000,5770.000000,144916.000000,16508564992.000000,4.430000,2.320000,131.000000,16508564992.000000
2022-06-17,5955.000000,5742.000000,5770.000000,5945.000000,154815.000000,18077554944.000000,3.740000,4.390000,250.000000,18077554944.000000
2022-06-20,5980.000000,5803.000000,5945.000000,5927.000000,142390.000000,16754754304.000000,3.030000,1.520000,89.000000,16754754304.000000
2022-06-21,5959.000000,5755.000000,5959.000000,5888.000000,130364.000000,15271763456.000000,3.470000,0.080000,5.000000,15271763456.000000
2022-06-22,5940.000000,5637.000000,5893.000000,5699.000000,129501.000000,14997220608.000000,5.170000,-2.700000,-158.000000,14997220608.000000
2022-06-23,5735.000000,5566.000000,5630.000000,5693.000000,104361.000000,11823838208.000000,2.920000,-1.680000,-97.000000,11823838208.000000
2022-06-24,5750.000000,5573.000000,5708.000000,5628.000000,74182.000000,8404911872.000000,3.130000,-0.640000,-36.000000,8404911872.000000
2022-06-27,5737.000000,5425.000000,5584.000000,5694.000000,162785.000000,18208917248.000000,5.510000,0.510000,29.000000,18208917248.000000
2022-06-28,5847.000000,5622.000000,5697.000000,5804.000000,142988.000000,16420268288.000000,4.020000,3.790000,212.000000,16420268288.000000
2022-06-29,5844.000000,5711.000000,5810.000000,5793.000000,124407.000000,14383836160.000000,2.320000,0.910000,52.000000,14383836160.000000
2022-06-30,5913.000000,5717.000000,5851.000000,5801.000000,134738.000000,15658884096.000000,3.390000,0.360000,21.000000,15658884096.000000
2022-07-01,5799.000000,5613.000000,5799.000000,5652.000000,141364.000000,16095808512.000000,3.200000,-2.720000,-158.000000,16095808512.000000
2022-07-04,5970.000000,5633.000000,5707.000000,5918.000000,183522.000000,21213056256.000000,5.920000,3.950000,225.000000,21213056256.000000
2022-07-05,6046.000000,5856.000000,5938.000000,5902.000000,143777.000000,17056782848.000000,3.290000,2.130000,123.000000,17056782848.000000
2022-07-06,5896.000000,5505.000000,5849.000000,5585.000000,201732.000000,22846277120.000000,6.590000,-5.830000,-346.000000,22846277120.000000
2022-07-07,5630.000000,5436.000000,5584.000000,5518.000000,226874.000000,25036175104.000000,3.430000,-2.540000,-144.000000,25036175104.000000
2022-07-08,5635.000000,5488.000000,5550.000000,5527.000000,148791.000000,16541415680.000000,2.660000,0.180000,10.000000,16541415680.000000
2022-07-11,5609.000000,5355.000000,5527.000000,5410.000000,188715.000000,20677403136.000000,4.570000,-2.660000,-148.000000,20677403136.000000
2022-07-12,5525.000000,5333.000000,5388.000000,5457.000000,166451.000000,18153955584.000000,3.500000,-0.380000,-21.000000,18153955584.000000
2022-07-13,5427.000000,5207.000000,5400.000000,5413.000000,177717.000000,18918022144.000000,4.030000,-0.730000,-40.000000,18918022144.000000
2022-07-14,5550.000000,5340.000000,5348.000000,5441.000000,173990.000000,18906551296.000000,3.950000,2.240000,119.000000,18906551296.000000
2022-07-15,5477.000000,5203.000000,5441.000000,5208.000000,176898.000000,18981095936.000000,5.040000,-4.140000,-225.000000,18981095936.000000
2022-07-18,5510.000000,5158.000000,5288.000000,5487.000000,198453.000000,21162604544.000000,6.560000,2.290000,123.000000,21162604544.000000
2022-07-19,5533.000000,5394.000000,5518.000000,5420.000000,114743.000000,12535519232.000000,2.610000,1.670000,89.000000,12535519232.000000
2022-07-20,5450.000000,5276.000000,5375.000000,5318.000000,124167.000000,13290591744.000000,3.190000,-2.640000,-144.000000,13290591744.000000
2022-07-21,5396.000000,5259.000000,5318.000000,5344.000000,91423.000000,9772043520.000000,2.560000,-0.130000,-7.000000,9772043520.000000
2022-07-22,5474.000000,5241.000000,5246.000000,5451.000000,83392.000000,8953197056.000000,4.360000,2.000000,107.000000,8953197056.000000
2022-07-25,5485.000000,5274.000000,5396.000000,5325.000000,52236.000000,5642429952.000000,3.930000,-0.800000,-43.000000,5642429952.000000
2022-07-26,5399.000000,5158.000000,5210.000000,5360.000000,142245.000000,15011831552.000000,4.460000,-0.740000,-40.000000,15011831552.000000
2022-07-27,5434.000000,5243.000000,5391.000000,5261.000000,117717.000000,12527150848.000000,3.620000,-0.280000,-15.000000,12527150848.000000
2022-07-28,5496.000000,5249.000000,5285.000000,5439.000000,136019.000000,14621757440.000000,4.640000,2.240000,119.000000,14621757440.000000
2022-07-29,5466.000000,5331.000000,5446.000000,5389.000000,114150.000000,12307676928.000000,2.510000,0.280000,15.000000,12307676928.000000
2022-08-01,5547.000000,5280.000000,5429.000000,5302.000000,154364.000000,16750893568.000000,4.950000,-1.650000,-89.000000,16750893568.000000
2022-08-02,5339.000000,5214.000000,5302.000000,5324.000000,114695.000000,12103652096.000000,2.300000,-1.860000,-101.000000,12103652096.000000
2022-08-03,5469.000000,5281.000000,5324.000000,5414.000000,130331.000000,14013213696.000000,3.560000,2.620000,138.000000,14013213696.000000
2022-08-04,5488.000000,5287.000000,5472.000000,5304.000000,109143.000000,11734289664.000000,3.740000,-1.340000,-72.000000,11734289664.000000
2022-08-05,5315.000000,5154.000000,5304.000000,5160.000000,128901.000000,13491504896.000000,3.000000,-4.000000,-215.000000,13491504896.000000
2022-08-08,5222.000000,5094.000000,5131.000000,5177.000000,113961.000000,11768996352.000000,2.450000,-1.070000,-56.000000,11768996352.000000
2022-08-09,5245.000000,5111.000000,5122.000000,5173.000000,114780.000000,11915655424.000000,2.600000,0.190000,10.000000,11915655424.000000
2022-08-10,5234.000000,5013.000000,5210.000000,5026.000000,131315.000000,13466161152.000000,4.260000,-3.160000,-164.000000,13466161152.000000
2022-08-11,5194.000000,4979.000000,5050.000000,5165.000000,137972.000000,13999295488.000000,4.190000,0.740000,38.000000,13999295488.000000
2022-08-12,5303.000000,5181.000000,5200.000000,5300.000000,109049.000000,11425842432.000000,2.400000,4.470000,227.000000,11425842432.000000
2022-08-15,5353.000000,5225.000000,5251.000000,5315.000000,93748.000000,9907802880.000000,2.440000,1.470000,77.000000,9907802880.000000
2022-08-16,5324.000000,5203.000000,5203.000000,5273.000000,93508.000000,9844771584.000000,2.290000,-0.210000,-11.000000,9844771584.000000
2022-08-17,5304.000000,5175.000000,5290.000000,5227.000000,76320.000000,7993659392.000000,2.450000,-0.700000,-37.000000,7993659392.000000
2022-08-18,5396.000000,5213.000000,5222.000000,5345.000000,86452.000000,9184838144.000000,3.500000,2.080000,109.000000,9184838144.000000
2022-08-19,5413.000000,5343.000000,5365.000000,5395.000000,60431.000000,6499759616.000000,1.320000,1.560000,83.000000,6499759616.000000
2022-08-22,5418.000000,5273.000000,5275.000000,5397.000000,116487.000000,12501089792.000000,2.700000,0.370000,20.000000,12501089792.000000
2022-08-23,5584.000000,5369.000000,5449.000000,5514.000000,130096.000000,14267223808.000000,4.010000,2.780000,149.000000,14267223808.000000
2022-08-24,5676.000000,5497.000000,5514.000000,5667.000000,135079.000000,15152338944.000000,3.260000,3.360000,184.000000,15152338944.000000
2022-08-25,5788.000000,5649.000000,5670.000000,5736.000000,143333.000000,16405260800.000000,2.480000,2.280000,128.000000,16405260800.000000
2022-08-26,5735.000000,5666.000000,5711.000000,5707.000000,115233.000000,13137808384.000000,1.210000,-0.260000,-15.000000,13137808384.000000
2022-08-29,5762.000000,5622.000000,5679.000000,5676.000000,146571.000000,16673557248.000000,2.460000,-0.420000,-24.000000,16673557248.000000
2022-08-30,5756.000000,5636.000000,5676.000000,5732.000000,131644.000000,14995909888.000000,2.110000,0.790000,45.000000,14995909888.000000
2022-08-31,5697.000000,5618.000000,5691.000000,5674.000000,125735.000000,14236369152.000000,1.390000,-0.370000,-21.000000,14236369152.000000
2022-09-01,5644.000000,5454.000000,5589.000000,5491.000000,152449.000000,16927306240.000000,3.360000,-3.000000,-170.000000,16927306240.000000
2022-09-02,5549.000000,5463.000000,5490.000000,5518.000000,114652.000000,12622172672.000000,1.550000,-0.590000,-33.000000,12622172672.000000
2022-09-05,5674.000000,5475.000000,5533.000000,5641.000000,120932.000000,13479270400.000000,3.620000,2.490000,137.000000,13479270400.000000
2022-09-06,5663.000000,5455.000000,5641.000000,5553.000000,129297.000000,14373129472.000000,3.730000,-0.360000,-20.000000,14373129472.000000
2022-09-07,5530.000000,5420.000000,5500.000000,5459.000000,127168.000000,13936219648.000000,1.980000,-1.780000,-99.000000,13936219648.000000
2022-09-08,5570.000000,5424.000000,5475.000000,5499.000000,111278.000000,12215454208.000000,2.660000,0.370000,20.000000,12215454208.000000
2022-09-09,5552.000000,5461.000000,5478.000000,5484.000000,119887.000000,13193715456.000000,1.660000,-0.070000,-4.000000,13193715456.000000
2022-09-13,5728.000000,5517.000000,5546.000000,5548.000000,104178.000000,11680683264.000000,3.830000,0.840000,46.000000,11680683264.000000
2022-09-14,5595.000000,5490.000000,5533.000000,5526.000000,96846.000000,10744452352.000000,1.870000,-1.430000,-80.000000,10744452352.000000
2022-09-15,5625.000000,5511.000000,5543.000000,5522.000000,95675.000000,10670781696.000000,2.060000,-0.450000,-25.000000,10670781696.000000
2022-09-16,5603.000000,5424.000000,5505.000000,5562.000000,120169.000000,13265266176.000000,3.210000,-0.250000,-14.000000,13265266176.000000
2022-09-19,5576.000000,5356.000000,5538.000000,5404.000000,146391.000000,16023381504.000000,3.990000,-2.080000,-115.000000,16023381504.000000
2022-09-20,5592.000000,5361.000000,5380.000000,5538.000000,113441.000000,12451378944.000000,4.220000,1.210000,66.000000,12451378944.000000
2022-09-21,5564.000000,5450.000000,5554.000000,5508.000000,105587.000000,11614065408.000000,2.080000,0.360000,20.000000,11614065408.000000
2022-09-22,5549.000000,5370.000000,5488.000000,5426.000000,114259.000000,12461070592.000000,3.260000,-1.330000,-73.000000,12461070592.000000
2022-09-23,5464.000000,5290.000000,5456.000000,5297.000000,77909.000000,8366348288.000000,3.190000,-2.840000,-155.000000,8366348288.000000
2022-09-26,5189.000000,5020.000000,5045.000000,5024.000000,141212.000000,14434966784.000000,3.150000,-6.430000,-345.000000,14434966784.000000
2022-09-27,5104.000000,4908.000000,5050.000000,4955.000000,147437.000000,14765889536.000000,3.830000,-3.050000,-156.000000,14765889536.000000
2022-09-28,4995.000000,4904.000000,4960.000000,4929.000000,121904.000000,12065327104.000000,1.820000,-1.560000,-78.000000,12065327104.000000
2022-09-29,5058.000000,4914.000000,4968.000000,4954.000000,143880.000000,14328627968.000000,2.910000,0.120000,6.000000,14328627968.000000
2022-09-30,4996.000000,4861.000000,4978.000000,4875.000000,119194.000000,11717107456.000000,2.710000,-2.090000,-104.000000,11717107456.000000
2022-10-10,5128.000000,5001.000000,5100.000000,5083.000000,88945.000000,9020869632.000000,2.580000,3.420000,168.000000,9020869632.000000
2022-10-11,5142.000000,5025.000000,5060.000000,5125.000000,102541.000000,10453566720.000000,2.310000,1.060000,54.000000,10453566720.000000
2022-10-12,5127.000000,5052.000000,5108.000000,5109.000000,80031.000000,8148027392.000000,1.470000,0.240000,12.000000,8148027392.000000
2022-10-13,5135.000000,5030.000000,5095.000000,5062.000000,96980.000000,9865369856.000000,2.060000,-0.550000,-28.000000,9865369856.000000
2022-10-14,5062.000000,4969.000000,5028.000000,5028.000000,96078.000000,9639032320.000000,1.830000,-1.140000,-58.000000,9639032320.000000
2022-10-17,5008.000000,4827.000000,5006.000000,4885.000000,117496.000000,11527100672.000000,3.610000,-2.610000,-131.000000,11527100672.000000
2022-10-18,5028.000000,4850.000000,4899.000000,5027.000000,100620.000000,9902230784.000000,3.630000,2.490000,122.000000,9902230784.000000
2022-10-19,5117.000000,4990.000000,4990.000000,5098.000000,113614.000000,11485916928.000000,2.580000,3.620000,178.000000,11485916928.000000
2022-10-20,5227.000000,5069.000000,5110.000000,5183.000000,102257.000000,10562548224.000000,3.130000,2.550000,129.000000,10562548224.000000
2022-10-21,5229.000000,5034.000000,5161.000000,5063.000000,106030.000000,10895000320.000000,3.780000,-1.960000,-101.000000,10895000320.000000
2022-10-24,5200.000000,5058.000000,5066.000000,5162.000000,93534.000000,9644095488.000000,2.760000,0.490000,25.000000,9644095488.000000
2022-10-25,5183.000000,5100.000000,5130.000000,5172.000000,77451.000000,7973693952.000000,1.610000,0.330000,17.000000,7973693952.000000
2022-10-26,5284.000000,5160.000000,5160.000000,5251.000000,51002.000000,5340344064.000000,2.410000,2.020000,104.000000,5340344064.000000
2022-10-27,5200.000000,5111.000000,5160.000000,5162.000000,93418.000000,9630800384.000000,1.700000,-1.390000,-73.000000,9630800384.000000
2022-10-28,5248.000000,5147.000000,5200.000000,5179.000000,118791.000000,12364276736.000000,1.960000,0.490000,25.000000,12364276736.000000
2022-10-31,5281.000000,5100.000000,5190.000000,5149.000000,136155.000000,14101889280.000000,3.480000,-1.060000,-55.000000,14101889280.000000
2022-11-01,5256.000000,5065.000000,5140.000000,5247.000000,162098.000000,16754746624.000000,3.690000,1.330000,69.000000,16754746624.000000
2022-11-02,5356.000000,5233.000000,5288.000000,5322.000000,122042.000000,12926740736.000000,2.380000,2.980000,154.000000,12926740736.000000
2022-11-03,5378.000000,5300.000000,5322.000000,5325.000000,110176.000000,11758066432.000000,1.470000,0.550000,29.000000,11758066432.000000
2022-11-04,5363.000000,5200.000000,5280.000000,5323.000000,144686.000000,15238712320.000000,3.050000,-0.240000,-13.000000,15238712320.000000
2022-11-07,5373.000000,5222.000000,5343.000000,5250.000000,115012.000000,12137852928.000000,2.870000,-0.300000,-16.000000,12137852928.000000
2022-11-08,5295.000000,5166.000000,5265.000000,5270.000000,120079.000000,12599304704.000000,2.450000,-0.110000,-6.000000,12599304704.000000
2022-11-09,5275.000000,5176.000000,5265.000000,5228.000000,112750.000000,11783212544.000000,1.890000,-0.340000,-18.000000,11783212544.000000
2022-11-10,5260.000000,5133.000000,5215.000000,5177.000000,109865.000000,11446939392.000000,2.430000,-0.920000,-48.000000,11446939392.000000
2022-11-11,5292.000000,5162.000000,5180.000000,5218.000000,126039.000000,13152135936.000000,2.500000,0.170000,9.000000,13152135936.000000
2022-11-14,5241.000000,5053.000000,5228.000000,5077.000000,137682.000000,14157773824.000000,3.600000,-2.680000,-140.000000,14157773824.000000
2022-11-15,5153.000000,5020.000000,5050.000000,5111.000000,99610.000000,10146508800.000000,2.590000,-0.580000,-30.000000,10146508800.000000
2022-11-16,5108.000000,4937.000000,5096.000000,4960.000000,129915.000000,13003116544.000000,3.360000,-2.610000,-133.000000,13003116544.000000
2022-11-17,4996.000000,4947.000000,4966.000000,4975.000000,76688.000000,7632475392.000000,0.980000,-0.580000,-29.000000,7632475392.000000
2022-11-18,5017.000000,4895.000000,5000.000000,4952.000000,80117.000000,7943161344.000000,2.450000,-0.480000,-24.000000,7943161344.000000
2022-11-21,4962.000000,4884.000000,4936.000000,4918.000000,72181.000000,7116815104.000000,1.570000,-0.790000,-39.000000,7116815104.000000
2022-11-22,4993.000000,4895.000000,4917.000000,4967.000000,51809.000000,5121212672.000000,1.990000,0.770000,38.000000,5121212672.000000
2022-11-23,4919.000000,4842.000000,4880.000000,4869.000000,80699.000000,7879039232.000000,1.560000,-1.480000,-73.000000,7879039232.000000
2022-11-24,4840.000000,4745.000000,4818.000000,4766.000000,114687.000000,10976904960.000000,1.950000,-2.360000,-115.000000,10976904960.000000
2022-11-25,4847.000000,4705.000000,4795.000000,4846.000000,104141.000000,9939820800.000000,2.970000,1.270000,61.000000,9939820800.000000
2022-11-28,4872.000000,4738.000000,4860.000000,4786.000000,95762.000000,9186896128.000000,2.810000,0.290000,14.000000,9186896128.000000
2022-11-29,4893.000000,4741.000000,4780.000000,4781.000000,120082.000000,11530198272.000000,3.170000,-0.310000,-15.000000,11530198272.000000
2022-11-30,4843.000000,4751.000000,4771.000000,4840.000000,102188.000000,9799796480.000000,1.920000,0.830000,40.000000,9799796480.000000
2022-12-01,4957.000000,4823.000000,4851.000000,4928.000000,116079.000000,11380882688.000000,2.800000,2.800000,134.000000,11380882688.000000
2022-12-02,4975.000000,4881.000000,4950.000000,4908.000000,88014.000000,8684371968.000000,1.920000,0.120000,6.000000,8684371968.000000
2022-12-05,4897.000000,4713.000000,4888.000000,4730.000000,135263.000000,12969220096.000000,3.730000,-4.120000,-203.000000,12969220096.000000
2022-12-06,4768.000000,4612.000000,4741.000000,4671.000000,104420.000000,9820490496.000000,3.250000,-2.570000,-123.000000,9820490496.000000
2022-12-07,4706.000000,4627.000000,4650.000000,4637.000000,78094.000000,7282418944.000000,1.680000,-1.380000,-65.000000,7282418944.000000
2022-12-08,4696.000000,4631.000000,4660.000000,4654.000000,83487.000000,7784472576.000000,1.390000,-0.170000,-8.000000,7784472576.000000
2022-12-09,4719.000000,4621.000000,4694.000000,4663.000000,89587.000000,8375730944.000000,2.100000,0.020000,1.000000,8375730944.000000
2022-12-12,4705.000000,4413.000000,4672.000000,4436.000000,131141.000000,11980158464.000000,6.250000,-5.090000,-238.000000,11980158464.000000
2022-12-13,4649.000000,4421.000000,4437.000000,4636.000000,100945.000000,9191226112.000000,4.990000,1.510000,69.000000,9191226112.000000
2022-12-14,4692.000000,4605.000000,4654.000000,4617.000000,71901.000000,6689977344.000000,1.910000,1.430000,65.000000,6689977344.000000
2022-12-15,4669.000000,4477.000000,4641.000000,4600.000000,116198.000000,10650900992.000000,4.130000,-1.120000,-52.000000,10650900992.000000
2022-12-16,4622.000000,4505.000000,4608.000000,4545.000000,93829.000000,8543049216.000000,2.550000,-0.830000,-38.000000,8543049216.000000
2022-12-19,4571.000000,4462.000000,4530.000000,4484.000000,90843.000000,8216221696.000000,2.390000,-1.490000,-68.000000,8216221696.000000
2022-12-20,4546.000000,4468.000000,4468.000000,4492.000000,77537.000000,6988167936.000000,1.720000,-0.660000,-30.000000,6988167936.000000
2022-12-21,4524.000000,4421.000000,4485.000000,4491.000000,100440.000000,8983023616.000000,2.290000,-0.330000,-15.000000,8983023616.000000
2022-12-22,4526.000000,4442.000000,4505.000000,4454.000000,56396.000000,5059224320.000000,1.880000,-0.380000,-17.000000,5059224320.000000
2022-12-23,4334.000000,4201.000000,4285.000000,4299.000000,112241.000000,9592111360.000000,2.970000,-4.150000,-186.000000,9592111360.000000
2022-12-26,4336.000000,4269.000000,4292.000000,4322.000000,94437.000000,8135991296.000000,1.570000,1.170000,50.000000,8135991296.000000
2022-12-27,4397.000000,4315.000000,4320.000000,4383.000000,90220.000000,7880945408.000000,1.900000,1.760000,76.000000,7880945408.000000
2022-12-28,4390.000000,4273.000000,4385.000000,4294.000000,98227.000000,8496325632.000000,2.680000,-1.670000,-73.000000,8496325632.000000
2022-12-29,4315.000000,4226.000000,4294.000000,4255.000000,88310.000000,7539041280.000000,2.060000,-1.600000,-69.000000,7539041280.000000
2022-12-30,4269.000000,4191.000000,4255.000000,4238.000000,96199.000000,8138061056.000000,1.830000,-0.700000,-30.000000,8138061056.000000
2023-01-03,4332.000000,4199.000000,4251.000000,4321.000000,88168.000000,7541714944.000000,3.140000,2.180000,92.000000,7541714944.000000
2023-01-04,4347.000000,4265.000000,4325.000000,4293.000000,84024.000000,7245895168.000000,1.920000,0.400000,17.000000,7245895168.000000
2023-01-05,4298.000000,4148.000000,4270.000000,4264.000000,109310.000000,9267217152.000000,3.480000,-1.090000,-47.000000,9267217152.000000
2023-01-06,4279.000000,4202.000000,4265.000000,4244.000000,82635.000000,7004833280.000000,1.820000,0.140000,6.000000,7004833280.000000
2023-01-09,4318.000000,4213.000000,4236.000000,4296.000000,84403.000000,7204469760.000000,2.480000,1.370000,58.000000,7204469760.000000
2023-01-10,4482.000000,4303.000000,4312.000000,4448.000000,125699.000000,11062174720.000000,4.190000,4.240000,181.000000,11062174720.000000
2023-01-11,4546.000000,4437.000000,4477.000000,4494.000000,86857.000000,7792965120.000000,2.480000,2.140000,94.000000,7792965120.000000
2023-01-12,4568.000000,4481.000000,4504.000000,4557.000000,72547.000000,6577895168.000000,1.940000,1.580000,71.000000,6577895168.000000
2023-01-13,4656.000000,4542.000000,4570.000000,4609.000000,86710.000000,7972258816.000000,2.510000,1.680000,76.000000,7972258816.000000
2023-01-16,4684.000000,4488.000000,4582.000000,4618.000000,84230.000000,7709919488.000000,4.260000,0.460000,21.000000,7709919488.000000
2023-01-17,4653.000000,4553.000000,4604.000000,4575.000000,49290.000000,4537471232.000000,2.190000,-0.020000,-1.000000,4537471232.000000
2023-01-18,4611.000000,4513.000000,4514.000000,4603.000000,73923.000000,6758170880.000000,2.130000,0.020000,1.000000,6758170880.000000
2023-01-19,4762.000000,4612.000000,4620.000000,4745.000000,101993.000000,9594620416.000000,3.280000,3.810000,174.000000,9594620416.000000
2023-01-20,4875.000000,4705.000000,4719.000000,4871.000000,75974.000000,7275766272.000000,3.610000,3.570000,168.000000,7275766272.000000
2023-01-30,5170.000000,5003.000000,5150.000000,5055.000000,82847.000000,8394780160.000000,3.490000,5.580000,267.000000,8394780160.000000
2023-01-31,5127.000000,5026.000000,5079.000000,5074.000000,110311.000000,11207828480.000000,1.990000,0.160000,8.000000,11207828480.000000
2023-02-01,5040.000000,4876.000000,5000.000000,4980.000000,143021.000000,14140100864.000000,3.230000,-1.970000,-100.000000,14140100864.000000
2023-02-02,4996.000000,4905.000000,4978.000000,4926.000000,110978.000000,10986243328.000000,1.840000,-0.340000,-17.000000,10986243328.000000
2023-02-03,4920.000000,4826.000000,4904.000000,4908.000000,134882.000000,13151750144.000000,1.900000,-0.830000,-41.000000,13151750144.000000
2023-02-06,5063.000000,4901.000000,4920.000000,4936.000000,135271.000000,13423443456.000000,3.320000,1.250000,61.000000,13423443456.000000
2023-02-07,4960.000000,4758.000000,4929.000000,4795.000000,135546.000000,13169057280.000000,4.070000,-3.350000,-166.000000,13169057280.000000
2023-02-08,4860.000000,4723.000000,4781.000000,4848.000000,133725.000000,12817489408.000000,2.820000,-0.190000,-9.000000,12817489408.000000
2023-02-09,4844.000000,4736.000000,4822.000000,4790.000000,106387.000000,10163699712.000000,2.250000,-0.040000,-2.000000,10163699712.000000
2023-02-10,4874.000000,4741.000000,4820.000000,4789.000000,135005.000000,12994871296.000000,2.780000,0.270000,13.000000,12994871296.000000
2023-02-13,4915.000000,4763.000000,4830.000000,4770.000000,117725.000000,11412586240.000000,3.160000,-0.870000,-42.000000,11412586240.000000
2023-02-14,4815.000000,4640.000000,4785.000000,4654.000000,124938.000000,11775231744.000000,3.610000,-3.980000,-193.000000,11775231744.000000
2023-02-15,4635.000000,4525.000000,4630.000000,4550.000000,115320.000000,10551677952.000000,2.330000,-3.440000,-162.000000,10551677952.000000
2023-02-16,4622.000000,4537.000000,4570.000000,4596.000000,95607.000000,8750988032.000000,1.860000,0.480000,22.000000,8750988032.000000
2023-02-17,4676.000000,4570.000000,4596.000000,4649.000000,96797.000000,8961346304.000000,2.320000,1.600000,73.000000,8961346304.000000
2023-02-20,4629.000000,4550.000000,4629.000000,4596.000000,44901.000000,4118637264.000000,1.710000,-0.690000,-32.000000,4118637264.000000