2021-02-01,10630.000000,9866.000000,9866.000000,10504.000000,521558.000000,26980195328.000000,0.000000,0.000000,0.000000,26980195328.000000
2021-02-02,10754.000000,10352.000000,10504.000000,10414.000000,566353.000000,29920429056.000000,3.890000,0.660000,68.000000,29920429056.000000
2021-02-03,10396.000000,10124.000000,10330.000000,10304.000000,365639.000000,18764593408.000000,2.570000,-2.480000,-262.000000,18764593408.000000
2021-02-04,10416.000000,10232.000000,10348.000000,10302.000000,163381.000000,8420656640.000000,1.790000,0.370000,38.000000,8420656640.000000
2021-02-05,10400.000000,10266.000000,10340.000000,10288.000000,102226.000000,5277928448.000000,1.300000,-0.190000,-20.000000,5277928448.000000
2021-02-08,10466.000000,10284.000000,10290.000000,10346.000000,92351.000000,4795787520.000000,1.760000,0.190000,20.000000,4795787520.000000
2021-02-09,10444.000000,10354.000000,10380.000000,10376.000000,67913.000000,3529438608.000000,0.870000,-0.100000,-10.000000,3529438608.000000
2021-02-10,10424.000000,10290.000000,10398.000000,10354.000000,43182.000000,2235100320.000000,1.290000,-0.380000,-40.000000,2235100320.000000
2021-02-18,10498.000000,10380.000000,10398.000000,10400.000000,29513.000000,1538512688.000000,1.140000,0.460000,48.000000,1538512688.000000
2021-02-19,10422.000000,10216.000000,10416.000000,10368.000000,26687.000000,1378650416.000000,1.980000,-0.560000,-58.000000,1378650416.000000
2021-02-22,10732.000000,10404.000000,10408.000000,10650.000000,56427.000000,2973702896.000000,3.170000,3.080000,318.000000,2973702896.000000
2021-02-23,10966.000000,10520.000000,10700.000000,10702.000000,91217.000000,4942137088.000000,4.230000,1.540000,162.000000,4942137088.000000
2021-02-24,10798.000000,10564.000000,10750.000000,10710.000000,42202.000000,2258229024.000000,2.160000,-1.160000,-126.000000,2258229024.000000
2021-02-25,10920.000000,10732.000000,10732.000000,10862.000000,36914.000000,2003322784.000000,1.760000,1.500000,160.000000,2003322784.000000
2021-02-26,10860.000000,10654.000000,10764.000000,10816.000000,27362.000000,1473990944.000000,1.900000,-0.350000,-38.000000,1473990944.000000
2021-03-01,11288.000000,10896.000000,10898.000000,11128.000000,71843.000000,4003091968.000000,3.640000,3.290000,354.000000,4003091968.000000
2021-03-02,11210.000000,10830.000000,11050.000000,10922.000000,47500.000000,2618200000.000000,3.410000,-1.990000,-222.000000,2618200000.000000
2021-03-03,11018.000000,10788.000000,10960.000000,10902.000000,30513.000000,1661737984.000000,2.090000,-1.110000,-122.000000,1661737984.000000
2021-03-04,11022.000000,10840.000000,10920.000000,10936.000000,29730.000000,1626528304.000000,1.670000,0.400000,44.000000,1626528304.000000
2021-03-05,10940.000000,10602.000000,10910.000000,10786.000000,21467.000000,1158359328.000000,3.090000,-1.430000,-156.000000,1158359328.000000
2021-03-08,11300.000000,10950.000000,11250.000000,11060.000000,36395.000000,2017374848.000000,3.240000,2.480000,268.000000,2017374848.000000
2021-03-09,11064.000000,10796.000000,11000.000000,10812.000000,20262.000000,1103873760.000000,2.420000,-2.470000,-274.000000,1103873760.000000
2021-03-10,10980.000000,10772.000000,10856.000000,10898.000000,21550.000000,1172535504.000000,1.910000,0.020000,2.000000,1172535504.000000
2021-03-11,10880.000000,10720.000000,10818.000000,10844.000000,17917.000000,967876336.000000,1.470000,-0.350000,-38.000000,967876336.000000
2021-03-12,10956.000000,10804.000000,10956.000000,10852.000000,10752.000000,583941120.000000,1.410000,0.440000,48.000000,583941120.000000
2021-03-15,10890.000000,10800.000000,10864.000000,10868.000000,10809.000000,586496336.000000,0.830000,0.060000,6.000000,586496336.000000
2021-03-16,10940.000000,10766.000000,10880.000000,10774.000000,15695.000000,851139856.000000,1.600000,-0.720000,-78.000000,851139856.000000
2021-03-17,10762.000000,10630.000000,10738.000000,10702.000000,9253.000000,496053328.000000,1.220000,-1.330000,-144.000000,496053328.000000
2021-03-18,10702.000000,10560.000000,10662.000000,10596.000000,13815.000000,733576496.000000,1.320000,-1.180000,-126.000000,733576496.000000
2021-03-19,10560.000000,10410.000000,10558.000000,10468.000000,12619.000000,661109408.000000,1.410000,-1.430000,-152.000000,661109408.000000
2021-03-22,10600.000000,10454.000000,10510.000000,10480.000000,8503.000000,446577568.000000,1.390000,0.020000,2.000000,446577568.000000
2021-03-23,10638.000000,10506.000000,10630.000000,10570.000000,9629.000000,509374096.000000,1.260000,0.630000,66.000000,509374096.000000
2021-03-24,10556.000000,10458.000000,10504.000000,10544.000000,5431.000000,285724912.000000,0.930000,-0.340000,-36.000000,285724912.000000
2021-03-25,10684.000000,10536.000000,10552.000000,10642.000000,9441.000000,501128288.000000,1.410000,1.140000,120.000000,501128288.000000
2021-03-26,10582.000000,10462.000000,10550.000000,10510.000000,9028.000000,474872800.000000,1.130000,-1.000000,-106.000000,474872800.000000
2021-03-29,10514.000000,10334.000000,10460.000000,10356.000000,9960.000000,518218800.000000,1.710000,-1.560000,-164.000000,518218800.000000
2021-03-30,10430.000000,10350.000000,10374.000000,10422.000000,6630.000000,344826304.000000,0.770000,0.150000,16.000000,344826304.000000
2021-03-31,10426.000000,10310.000000,10378.000000,10400.000000,6516.000000,337463648.000000,1.120000,-0.020000,-2.000000,337463648.000000
2021-04-01,10574.000000,10454.000000,10496.000000,10516.000000,10939.000000,575500784.000000,1.160000,1.530000,158.000000,575500784.000000
2021-04-02,10534.000000,10468.000000,10482.000000,10510.000000,4255.000000,223472600.000000,0.630000,-0.110000,-12.000000,223472600.000000
2021-04-06,10530.000000,10350.000000,10482.000000,10508.000000,3611.000000,189216400.000000,1.710000,0.040000,4.000000,189216400.000000
2021-04-07,10750.000000,10534.000000,10548.000000,10588.000000,16007.000000,850131776.000000,2.060000,1.030000,108.000000,850131776.000000
2021-04-08,10606.000000,10524.000000,10532.000000,10576.000000,4715.000000,249187750.000000,0.770000,-0.430000,-46.000000,249187750.000000
2021-04-09,10630.000000,10426.000000,10622.000000,10432.000000,7173.000000,378375744.000000,1.930000,-1.310000,-138.000000,378375744.000000
2021-04-12,10446.000000,10360.000000,10370.000000,10376.000000,6864.000000,356859360.000000,0.820000,-1.650000,-174.000000,356859360.000000
2021-04-13,10390.000000,10268.000000,10372.000000,10340.000000,7951.000000,410351104.000000,1.170000,-0.560000,-58.000000,410351104.000000
2021-04-14,10416.000000,10322.000000,10390.000000,10344.000000,4420.000000,228823400.000000,0.910000,0.210000,22.000000,228823400.000000
2021-04-15,10398.000000,10310.000000,10362.000000,10364.000000,6274.000000,324993200.000000,0.850000,0.100000,10.000000,324993200.000000
2021-04-16,10446.000000,10380.000000,10380.000000,10434.000000,7477.000000,389476928.000000,0.640000,0.710000,74.000000,389476928.000000
2021-04-19,10628.000000,10250.000000,10450.000000,10374.000000,6255.000000,325009808.000000,3.630000,-0.420000,-44.000000,325009808.000000
2021-04-20,10418.000000,10352.000000,10372.000000,10408.000000,3998.000000,207656120.000000,0.640000,0.150000,16.000000,207656120.000000
2021-04-21,10430.000000,10326.000000,10422.000000,10350.000000,5863.000000,303879296.000000,1.000000,-0.370000,-38.000000,303879296.000000
2021-04-22,10520.000000,10358.000000,10366.000000,10494.000000,13002.000000,680264640.000000,1.560000,1.230000,128.000000,680264640.000000
2021-04-23,10580.000000,10468.000000,10530.000000,10486.000000,8651.000000,455475152.000000,1.070000,0.210000,22.000000,455475152.000000
2021-04-26,10578.000000,10450.000000,10520.000000,10466.000000,7164.000000,376110000.000000,1.220000,-0.610000,-64.000000,376110000.000000
2021-04-27,10548.000000,10476.000000,10514.000000,10514.000000,8284.000000,435324208.000000,0.690000,0.130000,14.000000,435324208.000000
2021-04-28,10468.000000,10382.000000,10450.000000,10390.000000,9409.000000,490114816.000000,0.820000,-1.140000,-120.000000,490114816.000000
2021-04-29,10458.000000,10368.000000,10450.000000,10412.000000,5746.000000,299251680.000000,0.860000,-0.060000,-6.000000,299251680.000000
2021-04-30,10446.000000,10334.000000,10376.000000,10418.000000,5233.000000,271645024.000000,1.080000,0.020000,2.000000,271645024.000000
2021-05-06,10568.000000,10436.000000,10438.000000,10538.000000,11439.000000,601577008.000000,1.270000,1.500000,156.000000,601577008.000000
2021-05-07,10646.000000,10550.000000,10560.000000,10572.000000,10760.000000,570495200.000000,0.910000,0.510000,54.000000,570495200.000000
2021-05-10,10650.000000,10540.000000,10600.000000,10578.000000,8992.000000,476755840.000000,1.040000,-0.250000,-26.000000,476755840.000000
2021-05-11,10562.000000,10300.000000,10550.000000,10304.000000,14635.000000,764825104.000000,2.470000,-2.830000,-300.000000,764825104.000000
2021-05-12,10374.000000,10082.000000,10350.000000,10292.000000,30777.000000,1575782400.000000,2.790000,-1.530000,-160.000000,1575782400.000000
2021-05-13,10520.000000,10228.000000,10252.000000,10264.000000,16475.000000,851263248.000000,2.850000,0.230000,24.000000,851263248.000000
2021-05-14,10244.000000,10128.000000,10230.000000,10184.000000,13064.000000,664696320.000000,1.120000,-1.450000,-150.000000,664696320.000000
2021-05-17,10288.000000,10158.000000,10244.000000,10238.000000,7858.000000,401308064.000000,1.280000,0.610000,62.000000,401308064.000000
2021-05-18,10260.000000,10186.000000,10224.000000,10210.000000,5915.000000,302197344.000000,0.720000,-0.040000,-4.000000,302197344.000000
2021-05-19,10182.000000,10122.000000,10170.000000,10140.000000,8080.000000,410060000.000000,0.590000,-0.760000,-78.000000,410060000.000000
2021-05-20,10266.000000,9902.000000,10000.000000,10196.000000,15703.000000,796456160.000000,3.590000,0.450000,46.000000,796456160.000000
2021-05-21,10458.000000,10162.000000,10162.000000,10346.000000,40500.000000,2099520000.000000,2.920000,1.990000,202.000000,2099520000.000000
2021-05-24,10360.000000,10200.000000,10328.000000,10238.000000,16745.000000,861697696.000000,1.540000,-1.250000,-130.000000,861697696.000000
2021-05-25,10300.000000,10230.000000,10250.000000,10280.000000,8999.000000,462188640.000000,0.680000,-0.120000,-12.000000,462188640.000000
2021-05-26,10252.000000,10050.000000,10206.000000,10056.000000,16468.000000,837397808.000000,1.970000,-2.100000,-216.000000,837397808.000000
2021-05-27,10108.000000,9998.000000,10030.000000,10040.000000,15347.000000,771186752.000000,1.080000,-1.280000,-130.000000,771186752.000000
2021-05-28,10158.000000,10050.000000,10122.000000,10062.000000,11596.000000,585598000.000000,1.070000,0.120000,12.000000,585598000.000000
2021-05-31,10078.000000,9960.000000,10062.000000,10024.000000,15941.000000,798644096.000000,1.170000,-0.750000,-76.000000,798644096.000000
2021-06-01,10052.000000,9982.000000,10042.000000,10012.000000,10879.000000,545255488.000000,0.700000,-0.080000,-8.000000,545255488.000000
2021-06-02,10118.000000,10006.000000,10026.000000,10050.000000,14460.000000,727771808.000000,1.120000,0.260000,26.000000,727771808.000000
2021-06-03,10120.000000,10030.000000,10094.000000,10066.000000,9055.000000,456100352.000000,0.890000,0.000000,0.000000,456100352.000000
2021-06-04,10066.000000,9980.000000,10036.000000,9984.000000,10691.000000,536046736.000000,0.850000,-0.890000,-90.000000,536046736.000000
2021-06-07,10018.000000,9348.000000,10010.000000,9398.000000,118861.000000,5655406336.000000,6.680000,-6.280000,-630.000000,5655406336.000000
2021-06-08,9428.000000,9152.000000,9380.000000,9218.000000,94603.000000,4380118784.000000,2.900000,-3.130000,-298.000000,4380118784.000000
2021-06-09,9308.000000,9208.000000,9228.000000,9212.000000,44335.000000,2053597200.000000,1.080000,-0.520000,-48.000000,2053597200.000000
2021-06-10,9306.000000,9186.000000,9200.000000,9270.000000,32827.000000,1519233568.000000,1.300000,0.060000,6.000000,1519233568.000000
2021-06-11,9400.000000,9058.000000,9260.000000,9348.000000,94013.000000,4346221056.000000,3.690000,0.990000,92.000000,4346221056.000000
2021-06-15,9296.000000,9200.000000,9200.000000,9248.000000,28338.000000,1308648848.000000,1.040000,0.020000,2.000000,1308648848.000000
2021-06-16,9300.000000,9172.000000,9248.000000,9226.000000,22703.000000,1048197504.000000,1.390000,-0.110000,-10.000000,1048197504.000000
2021-06-17,9240.000000,9124.000000,9216.000000,9132.000000,20076.000000,922090688.000000,1.260000,-1.100000,-102.000000,922090688.000000
2021-06-18,9080.000000,8866.000000,9052.000000,8994.000000,54147.000000,2427951488.000000,2.330000,-2.090000,-192.000000,2427951488.000000
2021-06-21,9024.000000,8850.000000,9018.000000,8852.000000,26076.000000,1163771888.000000,1.940000,-1.290000,-116.000000,1163771888.000000
2021-06-22,8988.000000,8880.000000,8896.000000,8968.000000,21151.000000,946718768.000000,1.210000,0.470000,42.000000,946718768.000000
2021-06-23,9098.000000,8966.000000,8970.000000,9072.000000,28191.000000,1276206576.000000,1.470000,1.340000,120.000000,1276206576.000000
2021-06-24,9126.000000,8996.000000,9088.000000,9002.000000,17521.000000,792474832.000000,1.440000,-0.570000,-52.000000,792474832.000000
2021-06-25,9076.000000,9008.000000,9020.000000,9048.000000,14081.000000,637306064.000000,0.750000,0.020000,2.000000,637306064.000000
2021-06-28,9168.000000,8950.000000,8970.000000,9114.000000,28447.000000,1292631680.000000,2.410000,0.680000,62.000000,1292631680.000000
2021-06-29,9184.000000,9090.000000,9130.000000,9096.000000,19308.000000,882182528.000000,1.030000,0.090000,8.000000,882182528.000000
2021-06-30,9162.000000,9082.000000,9108.000000,9122.000000,14083.000000,643029776.000000,0.880000,-0.180000,-16.000000,643029776.000000
2021-07-01,9238.000000,9134.000000,9162.000000,9164.000000,27105.000000,1246016848.000000,1.140000,0.350000,32.000000,1246016848.000000
2021-07-02,9192.000000,9068.000000,9148.000000,9082.000000,19092.000000,870786128.000000,1.350000,-1.220000,-112.000000,870786128.000000
2021-07-05,9136.000000,8960.000000,9082.000000,9062.000000,21061.000000,955748176.000000,1.930000,-0.660000,-60.000000,955748176.000000
2021-07-06,9122.000000,9062.000000,9092.000000,9072.000000,17753.000000,806873856.000000,0.660000,-0.040000,-4.000000,806873856.000000
2021-07-07,9076.000000,8976.000000,8986.000000,9026.000000,16001.000000,722285136.000000,1.100000,-0.700000,-64.000000,722285136.000000
2021-07-08,9036.000000,8960.000000,9012.000000,9018.000000,18058.000000,813151744.000000,0.840000,-0.110000,-10.000000,813151744.000000
2021-07-09,9084.000000,8990.000000,9020.000000,9002.000000,23787.000000,1074696656.000000,1.040000,-0.040000,-4.000000,1074696656.000000
2021-07-12,9050.000000,8942.000000,9036.000000,8972.000000,17177.000000,772965008.000000,1.200000,-0.710000,-64.000000,772965008.000000
2021-07-13,9028.000000,8922.000000,8998.000000,8926.000000,18100.000000,811423008.000000,1.180000,-0.820000,-74.000000,811423008.000000
2021-07-14,9014.000000,8866.000000,8904.000000,8956.000000,29282.000000,1309198224.000000,1.650000,-0.110000,-10.000000,1309198224.000000
2021-07-15,9020.000000,8930.000000,8950.000000,8976.000000,24276.000000,1090477920.000000,1.010000,0.380000,34.000000,1090477920.000000
2021-07-16,9100.000000,8976.000000,8978.000000,9058.000000,31428.000000,1421488448.000000,1.380000,0.820000,74.000000,1421488448.000000
2021-07-19,9642.000000,9150.000000,9150.000000,9510.000000,169735.000000,8016583936.000000,5.440000,5.130000,464.000000,8016583936.000000
2021-07-20,9614.000000,9334.000000,9420.000000,9442.000000,102157.000000,4854500608.000000,2.960000,-0.040000,-4.000000,4854500608.000000
2021-07-21,10000.000000,9478.000000,10000.000000,9488.000000,195014.000000,9432827136.000000,5.490000,-0.170000,-16.000000,9432827136.000000
2021-07-22,9620.000000,9250.000000,9488.000000,9270.000000,138806.000000,6548867072.000000,3.820000,-4.180000,-404.000000,6548867072.000000
2021-07-23,9380.000000,9230.000000,9316.000000,9304.000000,81128.000000,3778130960.000000,1.590000,-1.400000,-132.000000,3778130960.000000
2021-07-26,9516.000000,9258.000000,9304.000000,9324.000000,134994.000000,6339318272.000000,2.770000,0.110000,10.000000,6339318272.000000
2021-07-27,9422.000000,9168.000000,9352.000000,9172.000000,116511.000000,5416596480.000000,2.700000,-2.340000,-220.000000,5416596480.000000
2021-07-28,9278.000000,9124.000000,9200.000000,9226.000000,93161.000000,4290995664.000000,1.660000,-0.770000,-72.000000,4290995664.000000
2021-07-29,9296.000000,9212.000000,9270.000000,9242.000000,59343.000000,2745800608.000000,0.910000,0.330000,30.000000,2745800608.000000
2021-07-30,9284.000000,9068.000000,9252.000000,9076.000000,89547.000000,4097670720.000000,2.330000,-1.920000,-178.000000,4097670720.000000
2021-08-02,9084.000000,8980.000000,9056.000000,9042.000000,72101.000000,3255360144.000000,1.140000,-1.200000,-110.000000,3255360144.000000
2021-08-03,9124.000000,9030.000000,9048.000000,9050.000000,70771.000000,3215834240.000000,1.040000,0.220000,20.000000,3215834240.000000
2021-08-04,9186.000000,9068.000000,9082.000000,9138.000000,60869.000000,2779278544.000000,1.300000,0.550000,50.000000,2779278544.000000
2021-08-05,9180.000000,9076.000000,9130.000000,9078.000000,45718.000000,2083369264.000000,1.140000,-0.590000,-54.000000,2083369264.000000
2021-08-06,9146.000000,9052.000000,9092.000000,9064.000000,44557.000000,2026897936.000000,1.030000,-0.550000,-50.000000,2026897936.000000
2021-08-09,9150.000000,9052.000000,9064.000000,9132.000000,39997.000000,1822263328.000000,1.080000,0.370000,34.000000,1822263328.000000
2021-08-10,9246.000000,9082.000000,9144.000000,9104.000000,80206.000000,3674236864.000000,1.800000,-0.090000,-8.000000,3674236864.000000
2021-08-11,9158.000000,9102.000000,9138.000000,9116.000000,33283.000000,1519036128.000000,0.610000,-0.500000,-46.000000,1519036128.000000
2021-08-12,9156.000000,9072.000000,9120.000000,9102.000000,34128.000000,1554871680.000000,0.920000,-0.280000,-26.000000,1554871680.000000
2021-08-13,9198.000000,9106.000000,9140.000000,9146.000000,48851.000000,2235421760.000000,1.010000,0.370000,34.000000,2235421760.000000
2021-08-16,9284.000000,9162.000000,9180.000000,9200.000000,60875.000000,2807555008.000000,1.330000,0.520000,48.000000,2807555008.000000
2021-08-17,9340.000000,9210.000000,9224.000000,9326.000000,64239.000000,2980047216.000000,1.410000,1.110000,102.000000,2980047216.000000
2021-08-18,9350.000000,9234.000000,9310.000000,9250.000000,65859.000000,3061126320.000000,1.250000,-0.300000,-28.000000,3061126320.000000
2021-08-19,9258.000000,9026.000000,9220.000000,9080.000000,69659.000000,3176450400.000000,2.500000,-2.320000,-216.000000,3176450400.000000
2021-08-20,9078.000000,8916.000000,9062.000000,8922.000000,50538.000000,2270672336.000000,1.780000,-2.170000,-198.000000,2270672336.000000
2021-08-23,9068.000000,8958.000000,8960.000000,9046.000000,39422.000000,1777143760.000000,1.220000,0.670000,60.000000,1777143760.000000
2021-08-24,9094.000000,8862.000000,9072.000000,8892.000000,60454.000000,2702293808.000000,2.570000,-1.380000,-124.000000,2702293808.000000
2021-08-25,8896.000000,8728.000000,8840.000000,8732.000000,76754.000000,3379478624.000000,1.880000,-2.330000,-208.000000,3379478624.000000
2021-08-26,8790.000000,8658.000000,8728.000000,8668.000000,59004.000000,2576114640.000000,1.500000,-1.570000,-138.000000,2576114640.000000
2021-08-27,8772.000000,8610.000000,8668.000000,8744.000000,61025.000000,2653367008.000000,1.860000,0.140000,12.000000,2653367008.000000
2021-08-30,8826.000000,8618.000000,8760.000000,8628.000000,40215.000000,1750156800.000000,2.390000,-0.780000,-68.000000,1750156800.000000
2021-08-31,8694.000000,8628.000000,8656.000000,8656.000000,28534.000000,1235522208.000000,0.760000,-0.550000,-48.000000,1235522208.000000
2021-09-01,8666.000000,8438.000000,8644.000000,8452.000000,60424.000000,2571645440.000000,2.630000,-2.400000,-208.000000,2571645440.000000
2021-09-02,8530.000000,8414.000000,8434.000000,8512.000000,40900.000000,1733751008.000000,1.360000,0.000000,0.000000,1733751008.000000
2021-09-03,8664.000000,8500.000000,8526.000000,8652.000000,39285.000000,1684933648.000000,1.930000,2.050000,174.000000,1684933648.000000
2021-09-06,8790.000000,8604.000000,8650.000000,8660.000000,44554.000000,1937653456.000000,2.170000,0.960000,82.000000,1937653456.000000
2021-09-07,8720.000000,8524.000000,8680.000000,8708.000000,49755.000000,2144938048.000000,2.250000,0.110000,10.000000,2144938048.000000
2021-09-08,8772.000000,8602.000000,8700.000000,8616.000000,33837.000000,1470217648.000000,1.970000,-0.070000,-6.000000,1470217648.000000
2021-09-09,8756.000000,8648.000000,8712.000000,8700.000000,53869.000000,2347072336.000000,1.240000,0.120000,10.000000,2347072336.000000
2021-09-10,8716.000000,8532.000000,8682.000000,8570.000000,75935.000000,3270520448.000000,2.110000,-1.650000,-144.000000,3270520448.000000
2021-09-13,8670.000000,8512.000000,8528.000000,8588.000000,47620.000000,2048136208.000000,1.830000,-0.300000,-26.000000,2048136208.000000
2021-09-14,8680.000000,8570.000000,8572.000000,8604.000000,49880.000000,2152322000.000000,1.280000,0.020000,2.000000,2152322000.000000
2021-09-15,8622.000000,8532.000000,8604.000000,8546.000000,42104.000000,1805840560.000000,1.040000,-0.970000,-84.000000,1805840560.000000
2021-09-16,8568.000000,8372.000000,8536.000000,8380.000000,87829.000000,3702870640.000000,2.280000,-2.310000,-198.000000,3702870640.000000
2021-09-17,8412.000000,8328.000000,8396.000000,8354.000000,52939.000000,2216026544.000000,1.000000,-0.930000,-78.000000,2216026544.000000
2021-09-22,8590.000000,8334.000000,8340.000000,8538.000000,73894.000000,3136800304.000000,3.060000,1.980000,166.000000,3136800304.000000
2021-09-23,8638.000000,8512.000000,8544.000000,8564.000000,61159.000000,2625555872.000000,1.480000,0.870000,74.000000,2625555872.000000
2021-09-24,8638.000000,8472.000000,8568.000000,8546.000000,80178.000000,3426807728.000000,1.930000,-0.470000,-40.000000,3426807728.000000
2021-09-27,8706.000000,8568.000000,8602.000000,8594.000000,81635.000000,3527448352.000000,1.610000,0.540000,46.000000,3527448352.000000
2021-09-28,8598.000000,8458.000000,8570.000000,8464.000000,76645.000000,3264310544.000000,1.620000,-2.060000,-178.000000,3264310544.000000
2021-09-29,8484.000000,8376.000000,8456.000000,8386.000000,54122.000000,2282324736.000000,1.270000,-1.550000,-132.000000,2282324736.000000
2021-09-30,8486.000000,8354.000000,8406.000000,8442.000000,69942.000000,2942459936.000000,1.570000,0.090000,8.000000,2942459936.000000
2021-10-08,8686.000000,8448.000000,8512.000000,8458.000000,125412.000000,5371396096.000000,2.830000,0.520000,44.000000,5371396096.000000
2021-10-11,8814.000000,8480.000000,8482.000000,8748.000000,208933.000000,9067692288.000000,3.900000,2.120000,182.000000,9067692288.000000
2021-10-12,8936.000000,8626.000000,8758.000000,8790.000000,243303.000000,10710198016.000000,3.570000,1.270000,110.000000,10710198016.000000
2021-10-13,8856.000000,8440.000000,8780.000000,8668.000000,217905.000000,9476688384.000000,4.730000,-1.540000,-136.000000,9476688384.000000
2021-10-14,8760.000000,8602.000000,8676.000000,8630.000000,124506.000000,5411030784.000000,1.820000,-0.780000,-68.000000,5411030784.000000
2021-10-15,8692.000000,8556.000000,8688.000000,8560.000000,114135.000000,4916289536.000000,1.560000,-1.520000,-132.000000,4916289536.000000
2021-10-18,8622.000000,8508.000000,8570.000000,8572.000000,142708.000000,6112183552.000000,1.320000,-0.490000,-42.000000,6112183552.000000
2021-10-19,8814.000000,8522.000000,8572.000000,8704.000000,273526.000000,11901116160.000000,3.410000,1.610000,138.000000,11901116160.000000
2021-10-20,8906.000000,8634.000000,8660.000000,8844.000000,322089.000000,14207345920.000000,3.130000,1.630000,142.000000,14207345920.000000
2021-10-21,9200.000000,8728.000000,8964.000000,8766.000000,449427.000000,20192755200.000000,5.350000,-0.630000,-56.000000,20192755200.000000
2021-10-22,8868.000000,8642.000000,8730.000000,8774.000000,256611.000000,11226731264.000000,2.520000,-2.360000,-212.000000,11226731264.000000
2021-10-25,9120.000000,8830.000000,8830.000000,9030.000000,343145.000000,15475839488.000000,3.310000,3.200000,280.000000,15475839488.000000
2021-10-26,9196.000000,8906.000000,9088.000000,8992.000000,273944.000000,12404184320.000000,3.220000,-0.310000,-28.000000,12404184320.000000
2021-10-27,9058.000000,8818.000000,9002.000000,8836.000000,191617.000000,8565280000.000000,2.650000,-2.430000,-220.000000,8565280000.000000
2021-10-28,8912.000000,8658.000000,8828.000000,8776.000000,241525.000000,10602947584.000000,2.840000,-1.830000,-164.000000,10602947584.000000
2021-10-29,8872.000000,8728.000000,8808.000000,8796.000000,148842.000000,6560955392.000000,1.640000,0.180000,16.000000,6560955392.000000
2021-11-01,8940.000000,8760.000000,8820.000000,8802.000000,153265.000000,6791172096.000000,2.040000,-0.160000,-14.000000,6791172096.000000
2021-11-02,8958.000000,8710.000000,8834.000000,8940.000000,198380.000000,8778315008.000000,2.800000,0.880000,78.000000,8778315008.000000
2021-11-03,8988.000000,8858.000000,8960.000000,8906.000000,141665.000000,6316842240.000000,1.470000,0.630000,56.000000,6316842240.000000
2021-11-04,8894.000000,8690.000000,8856.000000,8762.000000,129168.000000,5691142144.000000,2.290000,-1.750000,-156.000000,5691142144.000000
2021-11-05,8940.000000,8726.000000,8744.000000,8844.000000,150910.000000,6674749184.000000,2.430000,0.360000,32.000000,6674749184.000000
2021-11-08,8914.000000,8766.000000,8870.000000,8784.000000,105570.000000,4653525504.000000,1.670000,-0.700000,-62.000000,4653525504.000000
2021-11-09,8818.000000,8700.000000,8784.000000,8714.000000,89305.000000,3910665952.000000,1.340000,-1.160000,-102.000000,3910665952.000000
2021-11-10,8810.000000,8676.000000,8700.000000,8798.000000,79111.000000,3461897360.000000,1.530000,0.460000,40.000000,3461897360.000000
2021-11-11,8888.000000,8726.000000,8828.000000,8730.000000,112142.000000,4947705088.000000,1.850000,-0.250000,-22.000000,4947705088.000000
2021-11-12,8778.000000,8600.000000,8746.000000,8602.000000,114927.000000,4997026048.000000,2.020000,-2.520000,-222.000000,4997026048.000000
2021-11-15,8650.000000,8522.000000,8578.000000,8608.000000,91762.000000,3941177904.000000,1.470000,-1.010000,-88.000000,3941177904.000000
2021-11-16,8656.000000,8524.000000,8622.000000,8528.000000,73762.000000,3168077904.000000,1.540000,-0.720000,-62.000000,3168077904.000000
2021-11-17,8600.000000,8532.000000,8546.000000,8560.000000,43827.000000,1876233872.000000,0.790000,-0.350000,-30.000000,1876233872.000000
2021-11-18,8592.000000,8494.000000,8580.000000,8516.000000,54061.000000,2309485920.000000,1.140000,-0.540000,-46.000000,2309485920.000000
2021-11-19,8648.000000,8516.000000,8528.000000,8632.000000,74042.000000,3178623056.000000,1.540000,1.030000,88.000000,3178623056.000000
2021-11-22,8652.000000,8524.000000,8628.000000,8542.000000,64673.000000,2773824976.000000,1.490000,-0.510000,-44.000000,2773824976.000000
2021-11-23,8566.000000,8470.000000,8556.000000,8470.000000,73629.000000,3134386528.000000,1.120000,-1.260000,-108.000000,3134386528.000000
2021-11-24,8520.000000,8464.000000,8472.000000,8488.000000,52476.000000,2228655728.000000,0.660000,-0.310000,-26.000000,2228655728.000000
2021-11-25,8566.000000,8492.000000,8502.000000,8534.000000,65576.000000,2798783680.000000,0.870000,0.470000,40.000000,2798783680.000000
2021-11-26,8510.000000,8372.000000,8508.000000,8372.000000,81533.000000,3439877264.000000,1.620000,-1.920000,-164.000000,3439877264.000000
2021-11-29,8428.000000,8332.000000,8366.000000,8336.000000,67537.000000,2829124928.000000,1.140000,-1.210000,-102.000000,2829124928.000000
2021-11-30,8320.000000,8114.000000,8320.000000,8176.000000,116747.000000,4795966720.000000,2.460000,-2.410000,-202.000000,4795966720.000000
2021-12-01,8224.000000,8140.000000,8176.000000,8180.000000,51309.000000,2100077376.000000,1.020000,-0.440000,-36.000000,2100077376.000000
2021-12-02,8194.000000,8114.000000,8158.000000,8132.000000,51031.000000,2079513248.000000,0.980000,-0.660000,-54.000000,2079513248.000000
2021-12-03,8206.000000,8118.000000,8188.000000,8128.000000,52848.000000,2158840800.000000,1.080000,-0.270000,-22.000000,2158840800.000000
2021-12-06,8276.000000,8158.000000,8166.000000,8182.000000,51465.000000,2110579648.000000,1.440000,0.150000,12.000000,2110579648.000000
2021-12-07,8236.000000,8142.000000,8210.000000,8164.000000,43720.000000,1791645600.000000,1.150000,-0.460000,-38.000000,1791645600.000000
2021-12-08,8180.000000,7994.000000,8166.000000,7998.000000,77257.000000,3112684528.000000,2.270000,-2.420000,-198.000000,3112684528.000000
2021-12-09,8080.000000,7926.000000,8000.000000,7928.000000,64102.000000,2563438976.000000,1.910000,-1.610000,-130.000000,2563438976.000000
2021-12-10,7974.000000,7906.000000,7944.000000,7932.000000,60280.000000,2393116000.000000,0.850000,-0.830000,-66.000000,2393116000.000000
2021-12-13,8040.000000,7914.000000,7930.000000,8032.000000,55385.000000,2217061552.000000,1.590000,1.160000,92.000000,2217061552.000000
2021-12-14,8216.000000,8040.000000,8052.000000,8128.000000,71020.000000,2884122208.000000,2.200000,1.520000,122.000000,2884122208.000000
2021-12-15,8166.000000,8074.000000,8138.000000,8156.000000,42048.000000,1709671680.000000,1.130000,0.420000,34.000000,1709671680.000000
2021-12-16,8298.000000,8222.000000,8276.000000,8250.000000,62879.000000,2596273904.000000,0.930000,1.450000,118.000000,2596273904.000000
2021-12-17,8316.000000,8192.000000,8276.000000,8206.000000,88511.000000,3652848976.000000,1.500000,-0.630000,-52.000000,3652848976.000000
2021-12-20,8232.000000,8064.000000,8206.000000,8066.000000,116605.000000,4748155648.000000,2.040000,-2.280000,-188.000000,4748155648.000000
2021-12-21,8104.000000,8012.000000,8064.000000,8092.000000,59061.000000,2385473792.000000,1.130000,-0.640000,-52.000000,2385473792.000000
2021-12-22,8156.000000,8074.000000,8092.000000,8102.000000,61098.000000,2479967824.000000,1.020000,0.300000,24.000000,2479967824.000000
2021-12-23,8184.000000,8100.000000,8102.000000,8140.000000,66015.000000,2690111248.000000,1.030000,0.270000,22.000000,2690111248.000000
2021-12-24,8200.000000,8142.000000,8172.000000,8174.000000,54140.000000,2212160400.000000,0.710000,0.290000,24.000000,2212160400.000000
2021-12-27,8288.000000,8182.000000,8182.000000,8282.000000,91082.000000,3752578400.000000,1.300000,1.350000,110.000000,3752578400.000000
2021-12-28,8350.000000,8252.000000,8300.000000,8316.000000,106982.000000,4445102080.000000,1.190000,0.920000,76.000000,4445102080.000000
2021-12-29,8314.000000,8216.000000,8314.000000,8230.000000,69156.000000,2854068128.000000,1.180000,-0.960000,-80.000000,2854068128.000000
2021-12-30,8252.000000,8176.000000,8230.000000,8206.000000,78698.000000,3228191968.000000,0.920000,-0.580000,-48.000000,3228191968.000000
2021-12-31,8258.000000,8158.000000,8210.000000,8252.000000,96801.000000,3973681056.000000,1.220000,0.590000,48.000000,3973681056.000000
2022-01-04,8274.000000,8172.000000,8252.000000,8184.000000,101278.000000,4161513024.000000,1.240000,-0.320000,-26.000000,4161513024.000000
2022-01-05,8240.000000,8182.000000,8202.000000,8186.000000,83640.000000,3431749200.000000,0.710000,-0.390000,-32.000000,3431749200.000000
2022-01-06,8238.000000,8052.000000,8188.000000,8056.000000,185539.000000,7547726592.000000,2.270000,-1.830000,-150.000000,7547726592.000000
2022-01-07,8094.000000,8032.000000,8048.000000,8046.000000,118776.000000,4787860480.000000,0.760000,-1.110000,-90.000000,4787860480.000000
2022-01-10,8000.000000,7794.000000,8000.000000,7798.000000,211135.000000,8318718976.000000,2.560000,-3.270000,-264.000000,8318718976.000000
2022-01-11,7922.000000,7810.000000,7850.000000,7836.000000,170187.000000,6686647296.000000,1.420000,-0.560000,-44.000000,6686647296.000000
2022-01-12,7916.000000,7834.000000,7852.000000,7890.000000,127925.000000,5037686528.000000,1.040000,0.410000,32.000000,5037686528.000000
2022-01-13,7930.000000,7854.000000,7880.000000,7862.000000,113806.000000,4490784768.000000,0.960000,-0.180000,-14.000000,4490784768.000000
2022-01-14,7976.000000,7834.000000,7850.000000,7948.000000,141924.000000,5624448256.000000,1.800000,0.710000,56.000000,5624448256.000000
2022-01-17,8086.000000,7950.000000,7950.000000,8084.000000,176456.000000,7084708352.000000,1.720000,1.990000,158.000000,7084708352.000000
2022-01-18,8096.000000,7974.000000,8086.000000,7994.000000,129403.000000,5189060352.000000,1.520000,-0.450000,-36.000000,5189060352.000000
2022-01-19,8074.000000,7980.000000,8010.000000,8010.000000,115317.000000,4628824320.000000,1.170000,-0.120000,-10.000000,4628824320.000000
2022-01-20,8072.000000,7994.000000,8042.000000,8014.000000,98482.000000,3953067488.000000,0.970000,-0.170000,-14.000000,3953067488.000000
2022-01-21,8052.000000,7920.000000,8024.000000,7992.000000,160303.000000,6400898816.000000,1.640000,-0.450000,-36.000000,6400898816.000000
2022-01-24,8038.000000,7966.000000,7992.000000,7984.000000,104102.000000,4166162048.000000,0.900000,-0.030000,-2.000000,4166162048.000000
2022-01-25,7998.000000,7876.000000,7950.000000,7880.000000,110969.000000,4398811136.000000,1.520000,-1.550000,-124.000000,4398811136.000000
2022-01-26,7924.000000,7860.000000,7880.000000,7902.000000,59075.000000,2334053248.000000,0.810000,-0.330000,-26.000000,2334053248.000000
2022-01-27,8006.000000,7918.000000,7938.000000,7956.000000,94993.000000,3782621264.000000,1.110000,0.680000,54.000000,3782621264.000000
2022-01-28,8032.000000,7960.000000,8002.000000,8016.000000,88610.000000,3543513904.000000,0.900000,0.650000,52.000000,3543513904.000000
2022-02-07,8220.000000,8050.000000,8088.000000,8166.000000,137347.000000,5591396352.000000,2.130000,2.100000,168.000000,5591396352.000000
2022-02-08,8280.000000,8120.000000,8168.000000,8148.000000,133319.000000,5452747008.000000,1.970000,0.070000,6.000000,5452747008.000000
2022-02-09,8154.000000,8088.000000,8102.000000,8124.000000,87140.000000,3538755408.000000,0.810000,-0.680000,-56.000000,3538755408.000000
2022-02-10,8178.000000,8052.000000,8158.000000,8098.000000,99118.000000,4026173168.000000,1.550000,-0.300000,-24.000000,4026173168.000000
2022-02-11,8124.000000,7980.000000,8082.000000,7982.000000,121796.000000,4908378880.000000,1.770000,-1.750000,-142.000000,4908378880.000000
2022-02-14,8040.000000,7952.000000,8012.000000,7990.000000,92968.000000,3721509040.000000,1.090000,-0.870000,-70.000000,3721509040.000000
2022-02-15,8038.000000,7954.000000,7990.000000,8022.000000,96360.000000,3860181600.000000,1.050000,0.200000,16.000000,3860181600.000000
2022-02-16,8050.000000,7966.000000,8016.000000,7972.000000,107855.000000,4317435648.000000,1.050000,-0.500000,-40.000000,4317435648.000000
2022-02-17,8014.000000,7906.000000,7964.000000,7976.000000,127448.000000,5081351680.000000,1.350000,-0.370000,-30.000000,5081351680.000000
2022-02-18,8020.000000,7966.000000,7982.000000,7976.000000,74028.000000,2957418608.000000,0.680000,0.030000,2.000000,2957418608.000000
2022-02-21,8130.000000,7990.000000,7990.000000,8108.000000,151804.000000,6129845504.000000,1.750000,1.480000,118.000000,6129845504.000000
2022-02-22,8146.000000,7958.000000,8130.000000,7962.000000,164104.000000,6596980736.000000,2.330000,-1.410000,-114.000000,6596980736.000000
2022-02-23,7998.000000,7922.000000,7990.000000,7976.000000,112176.000000,4462361344.000000,0.950000,-0.800000,-64.000000,4462361344.000000
2022-02-24,8440.000000,7964.000000,7990.000000,8286.000000,309821.000000,12653089536.000000,5.980000,4.150000,330.000000,12653089536.000000
2022-02-25,8212.000000,8038.000000,8138.000000,8130.000000,207983.000000,8466988032.000000,2.130000,-0.470000,-38.000000,8466988032.000000
2022-02-28,8404.000000,8176.000000,8220.000000,8362.000000,246382.000000,10232244480.000000,2.800000,2.700000,220.000000,10232244480.000000
2022-03-01,8472.000000,8272.000000,8400.000000,8358.000000,212362.000000,8883102464.000000,2.410000,0.630000,52.000000,8883102464.000000
2022-03-02,8500.000000,8312.000000,8498.000000,8366.000000,166159.000000,6986985984.000000,2.250000,0.000000,0.000000,6986985984.000000
2022-03-03,8568.000000,8348.000000,8410.000000,8554.000000,158034.000000,6703802368.000000,2.620000,1.710000,144.000000,6703802368.000000
2022-03-04,8900.000000,8500.000000,8500.000000,8696.000000,369598.000000,16103384832.000000,4.710000,2.500000,212.000000,16103384832.000000
2022-03-07,8848.000000,8566.000000,8730.000000,8630.000000,156300.000000,6786545920.000000,3.240000,-0.960000,-84.000000,6786545920.000000
2022-03-08,8612.000000,8382.000000,8600.000000,8422.000000,151866.000000,6448230400.000000,2.650000,-3.020000,-262.000000,6448230400.000000
2022-03-09,8574.000000,8404.000000,8438.000000,8502.000000,132044.000000,5603947264.000000,2.000000,0.120000,10.000000,5603947264.000000
2022-03-10,8410.000000,8230.000000,8396.000000,8330.000000,88857.000000,3711556896.000000,2.120000,-1.860000,-158.000000,3711556896.000000
2022-03-11,8454.000000,8250.000000,8378.000000,8312.000000,93741.000000,3908062288.000000,2.440000,-0.500000,-42.000000,3908062288.000000
2022-03-14,8498.000000,8356.000000,8400.000000,8456.000000,118320.000000,4991920896.000000,1.700000,1.420000,118.000000,4991920896.000000
2022-03-15,8660.000000,8362.000000,8472.000000,8414.000000,147267.000000,6264738304.000000,3.530000,-0.280000,-24.000000,6264738304.000000
2022-03-16,8598.000000,8454.000000,8458.000000,8560.000000,79371.000000,3386760576.000000,1.690000,0.610000,52.000000,3386760576.000000
2022-03-17,8586.000000,8434.000000,8538.000000,8544.000000,66004.000000,2805830048.000000,1.780000,0.120000,10.000000,2805830048.000000
2022-03-18,8600.000000,8466.000000,8582.000000,8532.000000,46539.000000,1984422960.000000,1.580000,0.350000,30.000000,1984422960.000000
2022-03-21,8636.000000,8486.000000,8528.000000,8594.000000,55943.000000,2398276416.000000,1.760000,0.770000,66.000000,2398276416.000000
2022-03-22,8624.000000,8452.000000,8608.000000,8528.000000,52165.000000,2223793952.000000,2.010000,-0.540000,-46.000000,2223793952.000000
2022-03-23,8558.000000,8470.000000,8520.000000,8534.000000,35962.000000,1532340816.000000,1.030000,0.090000,8.000000,1532340816.000000
2022-03-24,9974.000000,9614.000000,9920.000000,9666.000000,89891.000000,4403760128.000000,4.220000,13.420000,1144.000000,4403760128.000000
2022-03-25,9722.000000,9524.000000,9640.000000,9618.000000,67014.000000,3224043536.000000,2.020000,-1.840000,-180.000000,3224043536.000000
2022-03-28,9794.000000,9620.000000,9620.000000,9700.000000,60866.000000,2956870288.000000,1.810000,0.810000,78.000000,2956870288.000000
2022-03-29,9714.000000,9576.000000,9700.000000,9704.000000,56077.000000,2704032944.000000,1.420000,-0.120000,-12.000000,2704032944.000000
2022-03-30,9730.000000,9616.000000,9680.000000,9672.000000,47874.000000,2313750416.000000,1.180000,0.290000,28.000000,2313750416.000000
2022-03-31,9696.000000,9586.000000,9696.000000,9672.000000,47712.000000,2298764160.000000,1.140000,0.060000,6.000000,2298764160.000000
2022-04-01,9644.000000,9360.000000,9634.000000,9376.000000,85404.000000,4062668288.000000,2.950000,-2.700000,-260.000000,4062668288.000000
2022-04-06,9400.000000,9244.000000,9340.000000,9352.000000,66309.000000,3094641024.000000,1.640000,-1.700000,-162.000000,3094641024.000000
2022-04-07,9438.000000,9308.000000,9318.000000,9374.000000,61005.000000,2862354608.000000,1.390000,0.430000,40.000000,2862354608.000000
2022-04-08,9418.000000,9324.000000,9400.000000,9390.000000,39222.000000,1837158480.000000,1.000000,0.060000,6.000000,1837158480.000000
2022-04-11,9484.000000,9396.000000,9400.000000,9456.000000,49037.000000,2315527136.000000,0.940000,0.940000,88.000000,2315527136.000000
2022-04-12,9530.000000,9426.000000,9456.000000,9480.000000,50308.000000,2384096128.000000,1.100000,0.380000,36.000000,2384096128.000000
2022-04-13,9510.000000,9352.000000,9486.000000,9454.000000,68379.000000,3222702272.000000,1.670000,-0.250000,-24.000000,3222702272.000000
2022-04-14,9512.000000,9412.000000,9512.000000,9414.000000,34864.000000,1647672640.000000,1.060000,-0.130000,-12.000000,1647672640.000000
2022-04-15,9458.000000,9362.000000,9426.000000,9402.000000,43679.000000,2055533744.000000,1.020000,-0.530000,-50.000000,2055533744.000000
2022-04-18,9590.000000,9326.000000,9422.000000,9572.000000,83387.000000,3934198656.000000,2.800000,1.700000,160.000000,3934198656.000000
2022-04-19,9634.000000,9460.000000,9590.000000,9486.000000,99742.000000,4759688192.000000,1.840000,0.530000,50.000000,4759688192.000000
2022-04-20,9520.000000,9276.000000,9496.000000,9278.000000,96344.000000,4528167936.000000,2.560000,-2.790000,-266.000000,4528167936.000000
2022-04-21,9334.000000,9222.000000,9300.000000,9250.000000,79160.000000,3673024000.000000,1.190000,-1.600000,-150.000000,3673024000.000000
2022-04-22,9260.000000,9022.000000,9250.000000,9024.000000,94669.000000,4318799872.000000,2.560000,-2.760000,-256.000000,4318799872.000000
2022-04-25,9110.000000,8970.000000,9010.000000,9030.000000,85109.000000,3852884432.000000,1.530000,-1.030000,-94.000000,3852884432.000000
2022-04-26,9150.000000,9028.000000,9030.000000,9120.000000,73781.000000,3357035504.000000,1.350000,0.730000,66.000000,3357035504.000000
2022-04-27,9178.000000,9036.000000,9120.000000,9138.000000,68238.000000,3112335184.000000,1.560000,0.420000,38.000000,3112335184.000000
2022-04-28,9190.000000,9106.000000,9182.000000,9172.000000,61373.000000,2807814752.000000,0.920000,0.550000,50.000000,2807814752.000000
2022-04-29,9450.000000,9186.000000,9200.000000,9404.000000,88452.000000,4119209648.000000,2.890000,2.780000,254.000000,4119209648.000000
2022-05-05,9722.000000,9492.000000,9500.000000,9696.000000,114053.000000,5480246784.000000,2.470000,4.100000,382.000000,5480246784.000000
2022-05-06,9682.000000,9558.000000,9658.000000,9614.000000,95079.000000,4575201536.000000,1.290000,0.040000,4.000000,4575201536.000000
2022-05-09,9712.000000,9524.000000,9588.000000,9654.000000,90479.000000,4356563968.000000,1.950000,0.310000,30.000000,4356563968.000000
2022-05-10,9750.000000,9510.000000,9610.000000,9668.000000,111620.000000,5370038272.000000,2.490000,0.390000,38.000000,5370038272.000000
2022-05-11,9828.000000,9628.000000,9650.000000,9778.000000,118580.000000,5780774912.000000,2.080000,1.620000,156.000000,5780774912.000000
2022-05-12,9916.000000,9708.000000,9806.000000,9760.000000,130340.000000,6404907520.000000,2.130000,0.100000,10.000000,6404907520.000000
2022-05-13,9890.000000,9810.000000,9810.000000,9872.000000,62606.000000,3083345504.000000,0.810000,0.450000,44.000000,3083345504.000000
2022-05-16,10486.000000,9996.000000,9996.000000,10410.000000,261822.000000,13481214720.000000,4.970000,5.690000,560.000000,13481214720.000000
2022-05-17,10516.000000,10312.000000,10400.000000,10454.000000,220314.000000,11465140480.000000,1.980000,1.510000,156.000000,11465140480.000000
2022-05-18,10448.000000,10320.000000,10408.000000,10350.000000,112087.000000,5815073536.000000,1.230000,-0.560000,-58.000000,5815073536.000000
2022-05-19,10494.000000,10206.000000,10290.000000,10470.000000,180998.000000,9391986176.000000,2.780000,0.910000,94.000000,9391986176.000000
2022-05-20,10702.000000,10338.000000,10460.000000,10412.000000,164985.000000,8610567168.000000,3.510000,0.330000,34.000000,8610567168.000000
2022-05-23,10616.000000,10358.000000,10410.000000,10556.000000,140326.000000,7353082368.000000,2.470000,1.130000,118.000000,7353082368.000000
2022-05-24,10828.000000,10510.000000,10540.000000,10766.000000,274112.000000,14711591168.000000,3.030000,2.730000,286.000000,14711591168.000000
2022-05-25,10818.000000,10630.000000,10760.000000,10716.000000,172993.000000,9289724160.000000,1.750000,-0.170000,-18.000000,9289724160.000000
2022-05-26,10730.000000,10554.000000,10710.000000,10574.000000,140226.000000,7462827776.000000,1.640000,-1.550000,-166.000000,7462827776.000000
2022-05-27,10864.000000,10426.000000,10650.000000,10476.000000,268065.000000,14228890112.000000,4.110000,-1.580000,-168.000000,14228890112.000000
2022-05-30,10518.000000,10322.000000,10470.000000,10374.000000,132966.000000,6938166016.000000,1.850000,-2.280000,-242.000000,6938166016.000000
2022-05-31,10496.000000,10250.000000,10324.000000,10336.000000,199606.000000,10345579008.000000,2.360000,-0.960000,-100.000000,10345579008.000000
2022-06-01,10330.000000,10220.000000,10272.000000,10274.000000,98145.000000,5048578816.000000,1.060000,-0.890000,-92.000000,5048578816.000000
2022-06-02,10438.000000,10220.000000,10238.000000,10286.000000,158882.000000,8215788288.000000,2.120000,-0.020000,-2.000000,8215788288.000000
2022-06-06,10390.000000,10270.000000,10340.000000,10336.000000,127145.000000,6570853632.000000,1.160000,-0.060000,-6.000000,6570853632.000000
2022-06-07,10410.000000,10108.000000,10326.000000,10202.000000,134631.000000,6933496576.000000,2.920000,-1.300000,-134.000000,6933496576.000000
2022-06-08,10324.000000,10100.000000,10234.000000,10270.000000,180348.000000,9224800256.000000,2.170000,-0.290000,-30.000000,9224800256.000000
2022-06-09,10340.000000,10212.000000,10270.000000,10224.000000,103636.000000,5322745088.000000,1.250000,-0.060000,-6.000000,5322745088.000000
2022-06-10,10754.000000,10254.000000,10294.000000,10736.000000,303829.000000,16002673408.000000,4.870000,4.520000,464.000000,16002673408.000000
2022-06-13,10810.000000,10558.000000,10680.000000,10602.000000,225020.000000,12002566912.000000,2.390000,0.650000,68.000000,12002566912.000000
2022-06-14,10602.000000,10170.000000,10580.000000,10208.000000,319650.000000,16522708480.000000,4.050000,-4.310000,-460.000000,16522708480.000000
2022-06-15,10272.000000,10120.000000,10168.000000,10126.000000,152644.000000,7777211904.000000,1.470000,-2.050000,-212.000000,7777211904.000000
2022-06-16,10228.000000,10024.000000,10134.000000,10082.000000,173744.000000,8796658688.000000,2.000000,-1.060000,-108.000000,8796658688.000000
2022-06-17,10196.000000,9982.000000,10102.000000,10034.000000,175017.000000,8817356544.000000,2.110000,-0.910000,-92.000000,8817356544.000000
2022-06-20,10130.000000,9896.000000,10032.000000,10006.000000,169913.000000,8502446592.000000,2.320000,-0.690000,-70.000000,8502446592.000000
2022-06-21,10182.000000,9970.000000,10054.000000,10064.000000,166168.000000,8369882112.000000,2.120000,0.560000,56.000000,8369882112.000000
2022-06-22,10116.000000,9636.000000,10058.000000,9700.000000,238259.000000,11746168832.000000,4.760000,-3.710000,-374.000000,11746168832.000000
2022-06-23,9812.000000,9584.000000,9722.000000,9790.000000,165142.000000,7999478528.000000,2.310000,-0.710000,-70.000000,7999478528.000000
2022-06-24,9756.000000,9526.000000,9700.000000,9632.000000,155680.000000,7502219264.000000,2.370000,-0.580000,-56.000000,7502219264.000000
2022-06-27,9766.000000,9484.000000,9664.000000,9558.000000,193997.000000,9304096256.000000,2.930000,-0.830000,-80.000000,9304096256.000000
2022-06-28,9838.000000,9496.000000,9630.000000,9836.000000,200710.000000,9700314368.000000,3.570000,2.540000,244.000000,9700314368.000000
2022-06-29,9820.000000,9660.000000,9782.000000,9704.000000,154450.000000,7520170496.000000,1.660000,0.390000,38.000000,7520170496.000000
2022-06-30,9770.000000,9616.000000,9716.000000,9712.000000,92954.000000,4514775808.000000,1.580000,-0.270000,-26.000000,4514775808.000000
2022-07-01,9676.000000,9510.000000,9614.000000,9600.000000,133081.000000,6377241600.000000,1.710000,-1.170000,-114.000000,6377241600.000000
2022-07-04,9720.000000,9456.000000,9540.000000,9664.000000,137475.000000,6601549568.000000,2.750000,0.830000,80.000000,6601549568.000000
2022-07-05,9808.000000,9552.000000,9640.000000,9606.000000,148241.000000,7173381888.000000,2.670000,0.020000,2.000000,7173381888.000000
2022-07-06,9588.000000,9254.000000,9520.000000,9482.000000,227713.000000,10709342464.000000,3.450000,-2.030000,-196.000000,10709342464.000000
2022-07-07,9560.000000,9326.000000,9490.000000,9472.000000,161722.000000,7636512768.000000,2.490000,0.700000,66.000000,7636512768.000000
2022-07-08,9688.000000,9494.000000,9600.000000,9582.000000,111302.000000,5329139712.000000,2.050000,1.460000,138.000000,5329139712.000000
2022-07-11,9700.000000,9480.000000,9652.000000,9534.000000,109964.000000,5267275520.000000,2.300000,-0.440000,-42.000000,5267275520.000000
2022-07-12,9560.000000,9422.000000,9520.000000,9520.000000,94083.000000,4468001792.000000,1.440000,-0.630000,-60.000000,4468001792.000000
2022-07-13,9416.000000,9266.000000,9318.000000,9324.000000,119436.000000,5570494976.000000,1.580000,-1.830000,-174.000000,5570494976.000000
2022-07-14,9422.000000,9318.000000,9374.000000,9342.000000,78652.000000,3681700128.000000,1.110000,0.150000,14.000000,3681700128.000000
2022-07-15,9394.000000,9192.000000,9368.000000,9206.000000,121136.000000,5613442304.000000,2.160000,-1.670000,-156.000000,5613442304.000000
2022-07-18,9458.000000,9272.000000,9288.000000,9408.000000,106273.000000,4987392000.000000,2.010000,1.510000,140.000000,4987392000.000000
2022-07-19,9486.000000,9304.000000,9448.000000,9334.000000,77098.000000,3612812288.000000,1.940000,-0.550000,-52.000000,3612812288.000000
2022-07-20,9516.000000,9286.000000,9380.000000,9344.000000,87050.000000,4081774496.000000,2.450000,-0.300000,-28.000000,4081774496.000000
2022-07-21,9434.000000,9300.000000,9350.000000,9384.000000,75497.000000,3537789424.000000,1.430000,0.060000,6.000000,3537789424.000000
2022-07-22,9374.000000,9264.000000,9330.000000,9322.000000,80598.000000,3752642880.000000,1.170000,-0.530000,-50.000000,3752642880.000000
2022-07-25,9386.000000,9258.000000,9374.000000,9312.000000,66422.000000,3091944096.000000,1.370000,0.000000,0.000000,3091944096.000000
2022-07-26,9400.000000,9292.000000,9350.000000,9388.000000,67955.000000,3178934896.000000,1.160000,0.840000,78.000000,3178934896.000000
2022-07-27,9676.000000,9392.000000,9420.000000,9586.000000,167566.000000,8014681856.000000,3.040000,2.460000,230.000000,8014681856.000000
2022-07-28,9728.000000,9592.000000,9626.000000,9638.000000,87847.000000,4238617744.000000,1.420000,0.750000,72.000000,4238617744.000000
2022-07-29,9762.000000,9650.000000,9676.000000,9726.000000,76126.000000,3695917296.000000,1.160000,0.790000,76.000000,3695917296.000000
2022-08-01,9842.000000,9550.000000,9770.000000,9640.000000,89493.000000,4321616896.000000,3.010000,-0.720000,-70.000000,4321616896.000000
2022-08-02,9714.000000,9526.000000,9598.000000,9634.000000,78785.000000,3792709904.000000,1.950000,-0.250000,-24.000000,3792709904.000000
2022-08-03,9690.000000,9582.000000,9620.000000,9628.000000,46305.000000,2231437952.000000,1.120000,0.000000,0.000000,2231437952.000000
2022-08-04,9598.000000,9460.000000,9570.000000,9530.000000,68610.000000,3265149904.000000,1.430000,-1.120000,-108.000000,3265149904.000000
2022-08-05,9724.000000,9510.000000,9580.000000,9692.000000,65436.000000,3148780320.000000,2.250000,1.830000,174.000000,3148780320.000000
2022-08-08,9838.000000,9694.000000,9732.000000,9822.000000,68165.000000,3331905200.000000,1.500000,2.060000,198.000000,3331905200.000000
2022-08-09,9826.000000,9736.000000,9812.000000,9778.000000,38057.000000,1860606736.000000,0.920000,0.020000,2.000000,1860606736.000000
2022-08-10,9888.000000,9708.000000,9772.000000,9740.000000,44711.000000,2183238128.000000,1.840000,-0.390000,-38.000000,2183238128.000000
2022-08-11,9792.000000,9688.000000,9766.000000,9786.000000,39675.000000,1933362752.000000,1.060000,0.200000,20.000000,1933362752.000000
2022-08-12,9860.000000,9702.000000,9812.000000,9776.000000,49507.000000,2417921888.000000,1.620000,0.310000,30.000000,2417921888.000000
2022-08-15,9800.000000,9632.000000,9800.000000,9646.000000,50505.000000,2455048048.000000,1.720000,-1.250000,-122.000000,2455048048.000000
2022-08-16,9688.000000,9592.000000,9652.000000,9662.000000,35572.000000,1716349008.000000,0.990000,-0.620000,-60.000000,1716349008.000000
2022-08-17,9770.000000,9606.000000,9662.000000,9658.000000,57176.000000,2774751280.000000,1.700000,0.080000,8.000000,2774751280.000000
2022-08-18,9686.000000,9430.000000,9648.000000,9488.000000,74119.000000,3545852960.000000,2.640000,-2.250000,-218.000000,3545852960.000000
2022-08-19,9560.000000,9276.000000,9502.000000,9304.000000,79436.000000,3730314560.000000,2.970000,-2.760000,-264.000000,3730314560.000000
2022-08-22,9408.000000,9306.000000,9316.000000,9344.000000,46826.000000,2191456800.000000,1.090000,-0.510000,-48.000000,2191456800.000000
2022-08-23,9446.000000,9332.000000,9390.000000,9354.000000,50674.000000,2378130816.000000,1.220000,-0.060000,-6.000000,2378130816.000000
2022-08-24,9426.000000,9260.000000,9394.000000,9412.000000,62123.000000,2906113936.000000,1.770000,0.280000,26.000000,2906113936.000000
2022-08-25,9444.000000,9328.000000,9402.000000,9350.000000,46702.000000,2191257840.000000,1.240000,-0.060000,-6.000000,2191257840.000000
2022-08-26,9500.000000,9312.000000,9380.000000,9420.000000,62299.000000,2938020848.000000,2.000000,0.380000,36.000000,2938020848.000000
2022-08-29,9456.000000,9342.000000,9404.000000,9420.000000,40759.000000,1914857824.000000,1.210000,-0.130000,-12.000000,1914857824.000000
2022-08-30,9612.000000,9406.000000,9416.000000,9570.000000,82499.000000,3935202304.000000,2.190000,1.850000,174.000000,3935202304.000000
2022-08-31,9640.000000,9532.000000,9550.000000,9570.000000,55000.000000,2634500000.000000,1.130000,0.310000,30.000000,2634500000.000000
2022-09-01,9618.000000,9418.000000,9566.000000,9478.000000,66808.000000,3174048080.000000,2.090000,-1.060000,-102.000000,3174048080.000000
2022-09-02,9602.000000,9450.000000,9450.000000,9554.000000,62243.000000,2966501376.000000,1.600000,0.550000,52.000000,2966501376.000000
2022-09-05,9712.000000,9522.000000,9588.000000,9676.000000,52135.000000,2505608096.000000,1.990000,1.510000,144.000000,2505608096.000000
2022-09-06,10276.000000,10146.000000,10240.000000,10242.000000,74128.000000,3784975680.000000,1.350000,6.550000,630.000000,3784975680.000000
2022-09-07,10476.000000,10152.000000,10216.000000,10326.000000,174216.000000,9006967296.000000,3.170000,1.120000,114.000000,9006967296.000000
2022-09-08,10396.000000,10236.000000,10290.000000,10380.000000,82988.000000,4287989968.000000,1.550000,0.390000,40.000000,4287989968.000000
2022-09-09,10438.000000,10334.000000,10382.000000,10384.000000,74248.000000,3855698640.000000,1.010000,0.480000,50.000000,3855698640.000000
2022-09-13,10488.000000,10306.000000,10350.000000,10320.000000,111245.000000,5774727936.000000,1.750000,-0.640000,-66.000000,5774727936.000000
2022-09-14,10350.000000,10250.000000,10250.000000,10316.000000,70870.000000,3649096304.000000,0.960000,-0.640000,-66.000000,3649096304.000000
2022-09-15,10388.000000,10294.000000,10294.000000,10374.000000,67176.000000,3475686240.000000,0.910000,0.740000,76.000000,3475686240.000000
2022-09-16,10446.000000,10302.000000,10406.000000,10372.000000,94769.000000,4920406528.000000,1.390000,0.230000,24.000000,4920406528.000000
2022-09-19,10730.000000,10538.000000,10538.000000,10626.000000,152796.000000,8142498816.000000,1.850000,2.330000,242.000000,8142498816.000000
2022-09-20,10716.000000,10604.000000,10604.000000,10684.000000,95322.000000,5088288256.000000,1.050000,0.240000,26.000000,5088288256.000000
2022-09-21,10818.000000,10630.000000,10716.000000,10806.000000,129503.000000,6937475840.000000,1.760000,1.220000,130.000000,6937475840.000000
2022-09-22,10888.000000,10750.000000,10762.000000,10864.000000,129998.000000,7045891584.000000,1.290000,1.400000,150.000000,7045891584.000000
2022-09-23,10958.000000,10750.000000,10870.000000,10952.000000,158991.000000,8620492032.000000,1.920000,1.030000,112.000000,8620492032.000000
2022-09-26,11156.000000,10780.000000,10974.000000,10802.000000,335486.000000,18421536256.000000,3.470000,-0.390000,-42.000000,18421536256.000000
2022-09-27,10848.000000,10654.000000,10786.000000,10730.000000,202596.000000,10879405312.000000,1.770000,-2.290000,-252.000000,10879405312.000000
2022-09-28,10790.000000,10590.000000,10730.000000,10650.000000,169100.000000,9026557952.000000,1.860000,-0.840000,-90.000000,9026557952.000000
2022-09-29,10742.000000,10622.000000,10700.000000,10698.000000,108129.000000,5774088704.000000,1.120000,0.210000,22.000000,5774088704.000000
2022-09-30,10900.000000,10676.000000,10720.000000,10892.000000,122613.000000,6601484032.000000,2.100000,1.990000,212.000000,6601484032.000000
2022-10-10,11188.000000,10984.000000,11026.000000,11176.000000,176550.000000,9796759552.000000,1.890000,3.790000,408.000000,9796759552.000000
2022-10-11,11200.000000,11068.000000,11200.000000,11134.000000,123888.000000,6883217408.000000,1.190000,0.320000,36.000000,6883217408.000000
2022-10-12,11256.000000,11032.000000,11150.000000,11202.000000,158779.000000,8837639168.000000,2.020000,0.810000,90.000000,8837639168.000000
2022-10-13,11228.000000,11108.000000,11172.000000,11138.000000,142123.000000,7938990848.000000,1.080000,0.050000,6.000000,7938990848.000000
2022-10-14,11204.000000,11046.000000,11202.000000,11084.000000,161135.000000,8949437952.000000,1.410000,-0.790000,-88.000000,8949437952.000000
2022-10-17,11026.000000,10812.000000,11000.000000,10864.000000,159530.000000,8686408448.000000,1.930000,-2.200000,-244.000000,8686408448.000000
2022-10-18,10884.000000,10696.000000,10850.000000,10864.000000,143719.000000,7749328384.000000,1.730000,-0.240000,-26.000000,7749328384.000000
2022-10-19,10928.000000,10814.000000,10850.000000,10922.000000,115885.000000,6300667392.000000,1.060000,1.280000,138.000000,6300667392.000000
2022-10-20,10960.000000,10708.000000,10922.000000,10714.000000,166611.000000,9030316288.000000,2.320000,-1.470000,-160.000000,9030316288.000000
2022-10-21,10810.000000,10640.000000,10680.000000,10742.000000,133864.000000,7183142144.000000,1.570000,-0.900000,-98.000000,7183142144.000000
2022-10-24,10792.000000,10688.000000,10758.000000,10754.000000,94723.000000,5081889024.000000,0.970000,0.200000,22.000000,5081889024.000000
2022-10-25,10766.000000,10632.000000,10716.000000,10644.000000,112686.000000,6024193536.000000,1.250000,-0.800000,-86.000000,6024193536.000000
2022-10-26,10634.000000,10400.000000,10620.000000,10416.000000,157860.000000,8295543040.000000,2.190000,-2.580000,-276.000000,8295543040.000000
2022-10-27,10586.000000,10322.000000,10416.000000,10560.000000,239539.000000,12556634368.000000,2.510000,0.480000,50.000000,12556634368.000000
2022-10-28,10620.000000,10454.000000,10550.000000,10528.000000,153519.000000,8082775296.000000,1.580000,0.420000,44.000000,8082775296.000000
2022-10-31,10746.000000,10544.000000,10620.000000,10620.000000,162516.000000,8639350528.000000,1.920000,0.850000,90.000000,8639350528.000000
2022-11-01,10710.000000,10572.000000,10628.000000,10664.000000,122929.000000,6536134912.000000,1.300000,0.300000,32.000000,6536134912.000000
2022-11-02,10930.000000,10672.000000,10680.000000,10898.000000,155635.000000,8413628160.000000,2.430000,2.480000,264.000000,8413628160.000000
2022-11-03,10918.000000,10702.000000,10888.000000,10718.000000,157654.000000,8532234496.000000,2.000000,-0.870000,-94.000000,8532234496.000000
2022-11-04,10842.000000,10720.000000,10760.000000,10768.000000,135407.000000,7295729152.000000,1.130000,-0.520000,-56.000000,7295729152.000000
2022-11-07,10814.000000,10588.000000,10762.000000,10760.000000,150644.000000,8057947648.000000,2.100000,-0.150000,-16.000000,8057947648.000000
2022-11-08,10860.000000,10734.000000,10798.000000,10800.000000,98079.000000,5293323520.000000,1.180000,0.950000,102.000000,5293323520.000000
2022-11-09,10828.000000,10690.000000,10800.000000,10780.000000,112171.000000,6039286528.000000,1.280000,-0.130000,-14.000000,6039286528.000000
2022-11-10,10876.000000,10784.000000,10790.000000,10826.000000,102698.000000,5565204736.000000,0.850000,0.540000,58.000000,5565204736.000000
2022-11-11,10940.000000,10814.000000,10828.000000,10926.000000,104970.000000,5704069888.000000,1.160000,0.810000,88.000000,5704069888.000000
2022-11-14,11044.000000,10888.000000,10996.000000,10936.000000,119308.000000,6541657600.000000,1.440000,0.630000,68.000000,6541657600.000000
2022-11-15,10970.000000,10840.000000,10936.000000,10916.000000,81303.000000,4435891712.000000,1.190000,-0.460000,-50.000000,4435891712.000000
2022-11-16,10966.000000,10688.000000,10930.000000,10734.000000,175337.000000,9459431168.000000,2.550000,-1.630000,-178.000000,9459431168.000000
2022-11-17,10768.000000,10614.000000,10734.000000,10636.000000,120377.000000,6436558080.000000,1.430000,-1.430000,-154.000000,6436558080.000000
2022-11-18,10640.000000,10528.000000,10636.000000,10544.000000,110692.000000,5858927616.000000,1.050000,-1.400000,-150.000000,5858927616.000000
2022-11-21,10586.000000,10456.000000,10550.000000,10552.000000,75020.000000,3947552400.000000,1.230000,-0.320000,-34.000000,3947552400.000000
2022-11-22,10616.000000,10514.000000,10552.000000,10536.000000,62759.000000,3315557968.000000,0.970000,0.110000,12.000000,3315557968.000000
2022-11-23,10576.000000,10486.000000,10562.000000,10532.000000,59264.000000,3120249600.000000,0.850000,-0.320000,-34.000000,3120249600.000000
2022-11-24,10644.000000,10526.000000,10546.000000,10544.000000,62514.000000,3306990608.000000,1.120000,0.130000,14.000000,3306990608.000000
2022-11-25,10658.000000,10394.000000,10560.000000,10416.000000,136751.000000,7184897536.000000,2.500000,-1.550000,-164.000000,7184897536.000000
2022-11-28,10558.000000,10380.000000,10428.000000,10538.000000,99306.000000,5207606528.000000,1.690000,0.290000,30.000000,5207606528.000000
2022-11-29,10610.000000,10456.000000,10570.000000,10468.000000,90590.000000,4771375360.000000,1.470000,-0.190000,-20.000000,4771375360.000000
2022-11-30,10584.000000,10418.000000,10488.000000,10582.000000,78867.000000,4141306176.000000,1.580000,0.460000,48.000000,4141306176.000000
2022-12-01,10638.000000,10516.000000,10612.000000,10552.000000,49155.000000,2595875552.000000,1.160000,0.480000,50.000000,2595875552.000000
2022-12-02,10588.000000,10482.000000,10508.000000,10526.000000,62331.000000,3281103840.000000,1.000000,-0.340000,-36.000000,3281103840.000000
2022-12-05,10660.000000,10428.000000,10540.000000,10600.000000,72740.000000,3851583008.000000,2.200000,0.680000,72.000000,3851583008.000000
2022-12-06,10622.000000,10510.000000,10598.000000,10540.000000,52634.000000,2777496176.000000,1.060000,-0.470000,-50.000000,2777496176.000000
2022-12-07,10396.000000,10276.000000,10350.000000,10370.000000,52625.000000,2726501248.000000,1.140000,-1.740000,-184.000000,2726501248.000000
2022-12-08,10500.000000,10362.000000,10372.000000,10422.000000,70320.000000,3669297600.000000,1.330000,0.580000,60.000000,3669297600.000000
2022-12-09,10436.000000,10332.000000,10432.000000,10374.000000,53388.000000,2770837200.000000,1.000000,-0.590000,-62.000000,2770837200.000000
2022-12-12,10460.000000,10304.000000,10444.000000,10328.000000,76612.000000,3976928928.000000,1.500000,-0.500000,-52.000000,3976928928.000000
2022-12-13,10398.000000,10306.000000,10336.000000,10366.000000,49255.000000,2552394096.000000,0.890000,-0.150000,-16.000000,2552394096.000000
2022-12-14,10318.000000,10056.000000,10292.000000,10094.000000,169486.000000,8611583744.000000,2.530000,-2.610000,-270.000000,8611583744.000000
2022-12-15,10146.000000,10002.000000,10142.000000,10062.000000,91621.000000,4614949888.000000,1.420000,-0.980000,-100.000000,4614949888.000000
2022-12-16,10144.000000,10060.000000,10100.000000,10094.000000,65501.000000,3309110528.000000,0.830000,0.200000,20.000000,3309110528.000000
2022-12-19,10156.000000,10022.000000,10050.000000,10100.000000,61638.000000,3111486240.000000,1.330000,-0.040000,-4.000000,3111486240.000000
2022-12-20,10126.000000,9824.000000,10126.000000,9870.000000,119778.000000,5961351168.000000,2.990000,-2.240000,-226.000000,5961351168.000000
2022-12-21,9928.000000,9826.000000,9870.000000,9878.000000,80845.000000,3992126096.000000,1.020000,-0.760000,-76.000000,3992126096.000000
2022-12-22,9948.000000,9842.000000,9876.000000,9854.000000,61344.000000,3034074240.000000,1.070000,-0.220000,-22.000000,3034074240.000000
2022-12-23,9888.000000,9750.000000,9832.000000,9764.000000,80378.000000,3943344688.000000,1.400000,-1.290000,-128.000000,3943344688.000000
2022-12-26,10078.000000,9740.000000,9758.000000,10050.000000,126699.000000,6293139456.000000,3.440000,2.430000,238.000000,6293139456.000000
2022-12-27,10302.000000,10062.000000,10062.000000,10238.000000,110790.000000,5655829504.000000,2.420000,3.060000,304.000000,5655829504.000000
2022-12-28,10280.000000,10188.000000,10238.000000,10212.000000,57658.000000,2949206704.000000,0.900000,0.020000,2.000000,2949206704.000000
2022-12-29,10220.000000,10050.000000,10188.000000,10064.000000,88754.000000,4485627136.000000,1.660000,-1.620000,-166.000000,4485627136.000000
2022-12-30,10116.000000,9936.000000,10048.000000,9986.000000,110803.000000,5556770560.000000,1.780000,-1.210000,-122.000000,5556770560.000000
2023-01-03,10202.000000,9958.000000,9968.000000,10076.000000,121358.000000,6117656832.000000,2.430000,0.460000,46.000000,6117656832.000000
2023-01-04,10074.000000,9906.000000,10060.000000,10000.000000,100534.000000,5026700032.000000,1.670000,-0.810000,-82.000000,5026700032.000000
2023-01-05,10022.000000,9896.000000,9980.000000,9924.000000,71498.000000,3557740480.000000,1.260000,-0.760000,-76.000000,3557740480.000000
2023-01-06,9986.000000,9886.000000,9900.000000,9944.000000,51646.000000,2567839120.000000,1.000000,-0.080000,-8.000000,2567839120.000000
2023-01-09,10170.000000,9968.000000,9968.000000,10160.000000,91018.000000,4587307264.000000,2.030000,2.170000,216.000000,4587307264.000000
2023-01-10,10210.000000,10000.000000,10160.000000,10136.000000,107228.000000,5411797248.000000,2.080000,0.560000,56.000000,5411797248.000000
2023-01-11,10228.000000,10102.000000,10150.000000,10192.000000,54011.000000,2744839024.000000,1.250000,0.970000,98.000000,2744839024.000000
2023-01-12,10400.000000,10184.000000,10190.000000,10370.000000,89162.000000,4607892224.000000,2.130000,2.030000,206.000000,4607892224.000000
2023-01-13,10460.000000,10318.000000,10388.000000,10396.000000,73335.000000,3809753248.000000,1.370000,0.580000,60.000000,3809753248.000000
2023-01-16,10484.000000,10376.000000,10414.000000,10416.000000,58105.000000,3029013648.000000,1.040000,0.250000,26.000000,3029013648.000000
2023-01-17,10458.000000,10368.000000,10400.000000,10454.000000,45657.000000,2377816560.000000,0.860000,0.270000,28.000000,2377816560.000000
2023-01-18,10600.000000,10434.000000,10500.000000,10588.000000,67921.000000,3569248544.000000,1.590000,1.650000,172.000000,3569248544.000000
2023-01-19,10718.000000,10542.000000,10574.000000,10706.000000,80458.000000,4281974768.000000,1.670000,1.860000,196.000000,4281974768.000000
2023-01-20,10750.000000,10582.000000,10708.000000,10714.000000,51661.000000,2759214016.000000,1.580000,0.660000,70.000000,2759214016.000000
2023-01-30,10980.000000,10660.000000,10786.000000,10672.000000,72725.000000,3930059008.000000,3.000000,-0.090000,-10.000000,3930059008.000000
2023-01-31,10750.000000,10570.000000,10676.000000,10588.000000,67628.000000,3604572400.000000,1.670000,-2.040000,-220.000000,3604572400.000000
2023-02-01,10716.000000,10596.000000,10616.000000,10680.000000,58756.000000,3131107248.000000,1.130000,0.190000,20.000000,3131107248.000000
2023-02-02,10650.000000,10386.000000,10650.000000,10418.000000,76162.000000,3989365568.000000,2.480000,-2.250000,-240.000000,3989365568.000000
2023-02-03,10512.000000,10350.000000,10410.000000,10458.000000,57861.000000,3018029760.000000,1.550000,-0.170000,-18.000000,3018029760.000000
2023-02-06,10540.000000,10386.000000,10438.000000,10446.000000,57688.000000,3017659280.000000,1.480000,0.130000,14.000000,3017659280.000000
2023-02-07,10648.000000,10406.000000,10428.000000,10498.000000,92293.000000,4860149504.000000,2.310000,0.340000,36.000000,4860149504.000000
2023-02-08,10566.000000,10484.000000,10542.000000,10542.000000,42014.000000,2212877376.000000,0.780000,0.090000,10.000000,2212877376.000000
2023-02-09,10584.000000,10450.000000,10552.000000,10464.000000,46068.000000,2419030688.000000,1.270000,-0.660000,-70.000000,2419030688.000000
2023-02-10,10706.000000,10488.000000,10500.000000,10688.000000,106525.000000,5653281792.000000,2.080000,1.770000,186.000000,5653281792.000000
2023-02-13,10836.000000,10684.000000,10750.000000,10736.000000,69657.000000,3741974048.000000,1.430000,1.150000,122.000000,3741974048.000000
2023-02-14,10946.000000,10712.000000,10752.000000,10928.000000,117378.000000,6360713728.000000,2.180000,1.710000,184.000000,6360713728.000000
2023-02-15,11060.000000,10956.000000,11056.000000,11022.000000,101433.000000,5580843776.000000,0.960000,1.700000,184.000000,5580843776.000000
2023-02-16,11118.000000,10972.000000,11020.000000,11094.000000,91133.000000,5033275648.000000,1.330000,0.820000,90.000000,5033275648.000000
2023-02-17,11236.000000,11074.000000,11100.000000,11230.000000,91359.000000,5096005120.000000,1.470000,1.670000,184.000000,5096005120.000000